dataEE_xyz
  1.06584 0.0403482 0.0456431
   1.04565 0.00384145   0.161029
    1.0105 -0.0369678   0.254976
  0.967334 -0.0768494   0.328992
 0.921418 -0.112561  0.386025
 0.876465 -0.142385  0.429437
 0.834901 -0.165649  0.462412
 0.798171 -0.182332  0.487672
  0.76702 -0.192767   0.50738
 0.741717 -0.197447  0.523155
 0.722231 -0.196914  0.536128
 0.708348 -0.191697  0.547024
 0.699748 -0.182293  0.556243
 0.69606 -0.16916  0.56393
 0.696889 -0.152734  0.570037
 0.701833 -0.133443  0.574386
 0.710485 -0.111722  0.576705
 0.722439 -0.088024  0.576678
  0.737289 -0.0628368   0.573974
  0.754624 -0.0366809   0.568282
  0.774031 -0.0101117   0.559336
  0.79509 0.0162868  0.546939
 0.817381 0.0419126  0.530976
 0.840482 0.0661589  0.511431
 0.863974 0.0884328  0.488396
0.887448 0.108173 0.462066
0.910506 0.124868 0.432744
0.932775 0.138074 0.400823
0.953906 0.147431 0.366781
0.973582 0.152676 0.331159
0.991524 0.153647 0.294543
  1.0075 0.150291 0.257542
 1.02131 0.142665  0.22077
 1.03281 0.130924 0.184817
 1.04191 0.115319 0.150239
  1.04855 0.0961817  0.117538
  1.05273 0.0739081 0.0871464
  1.05448 0.0489431  0.059427
  1.05388 0.0217621  0.034662
    1.05102 -0.00714316   0.0130532
    1.04605  -0.0372788 -0.00527992
   1.03912 -0.0681608 -0.0202969
    1.0304 -0.0993282 -0.0320306
   1.02009  -0.130353 -0.0405789
   1.00839  -0.160849 -0.0460953
   0.99548  -0.190475 -0.0487785
  0.981571  -0.218944 -0.0488622
  0.966856  -0.246016 -0.0466053
  0.951524  -0.271505 -0.0422827
  0.935754  -0.295274 -0.0361768
  0.919714  -0.317231 -0.0285702
   0.90356  -0.337325 -0.0197395
   0.887434   -0.355544 -0.00995028
   0.871466   -0.371907 0.000547049
 0.855768 -0.386461 0.0115198
 0.840442 -0.399275 0.0227551
 0.825574 -0.410436 0.0340612
 0.811236 -0.420043 0.0452676
 0.797489 -0.428205  0.056225
 0.784382 -0.435038 0.0668046
 0.771951 -0.440659 0.0768974
 0.760225 -0.445186 0.0864124
 0.749221 -0.448734 0.0952758
 0.738949 -0.451416  0.103429
 0.729412 -0.453336  0.110827
 0.720605 -0.454597  0.117438
0.712521 -0.45529 0.123241
 0.705144 -0.455501  0.128222
 0.698458 -0.455308  0.132379
 0.692441 -0.454779  0.135714
 0.687071 -0.453977  0.138235
 0.682322 -0.452956  0.139956
 0.678168 -0.451762  0.140895
 0.674584 -0.450434  0.141072
 0.671541 -0.449007  0.140511
 0.669013 -0.447505  0.139236
 0.666973 -0.445951  0.137273
0.665396 -0.44436 0.134652
 0.664257 -0.442743    0.1314
 0.663533 -0.441106  0.127546
 0.663201 -0.439452   0.12312
 0.66324 -0.43778 0.118153
 0.663631 -0.436086  0.112673
 0.664354 -0.434364  0.106711
 0.665394 -0.432606  0.100298
 0.666735   -0.4308 0.0934626
 0.668362 -0.428934 0.0862366
 0.670262 -0.426997 0.0786501
 0.672422 -0.424973 0.0707338
 0.674832 -0.422849 0.0625183
 0.677479 -0.420609 0.0540347
 0.680355 -0.418241 0.0453139
0.683449 -0.41573 0.036387
 0.686752 -0.413064 0.0272851
 0.690255  -0.41023 0.0180392
  0.693948  -0.407218 0.00868023
    0.697823    -0.404019 -0.000761164
  0.701871  -0.400625 -0.0102548
   0.70608   -0.39703 -0.0197711
  0.710443  -0.393231 -0.0292813
  0.714949  -0.389226 -0.0387574
  0.719586  -0.385014 -0.0481728
  0.724345  -0.380598 -0.0575021
  0.729213  -0.375982 -0.0667215
 0.734179 -0.371172 -0.075809
  0.739231  -0.366176 -0.0847445
 0.744357 -0.361003  -0.09351
 0.749542 -0.355665  -0.10209
 0.754775 -0.350174  -0.11047
 0.760041 -0.344543  -0.11864
 0.765327 -0.338787 -0.126591
  0.77062 -0.332921 -0.134317
 0.775906 -0.326962 -0.141815
 0.781172 -0.320925 -0.149082
 0.786403 -0.314827 -0.156121
 0.791586 -0.308685 -0.162935
  0.79671 -0.302514 -0.169529
  0.80176 -0.296329  -0.17591
 0.806724 -0.290147 -0.182088
 0.811591 -0.283981 -0.188074
 0.816349 -0.277846 -0.193879
 0.820986 -0.271753 -0.199518
 0.825492 -0.265715 -0.205004
 0.829858 -0.259743 -0.210353
 0.834073 -0.253846 -0.215579
 0.838129 -0.248034 -0.220699
 0.842016 -0.242314 -0.225729
 0.845728 -0.236694 -0.230685
 0.849257 -0.231178 -0.235583
 0.852596 -0.225773 -0.240436
  0.85574 -0.220482 -0.245261
 0.858682 -0.215308 -0.250071
 0.861417 -0.210254 -0.254879
 0.863942 -0.205321 -0.259697
 0.866251  -0.20051 -0.264537
 0.868343 -0.195822 -0.269407
 0.870215 -0.191257 -0.274316
 0.871864 -0.186812 -0.279273
 0.873288 -0.182486 -0.284283
 0.874488 -0.178277 -0.289351
 0.875463 -0.174182 -0.294481
 0.876214 -0.170198 -0.299675
 0.876742 -0.166321 -0.304933
 0.877048 -0.162546 -0.310256
 0.877136 -0.158868 -0.315641
 0.877008 -0.155281 -0.321087
  0.87667  -0.15178 -0.326589
 0.876126 -0.148358 -0.332142
 0.875382 -0.145008 -0.337741
 0.874445 -0.141722 -0.343377
 0.873322 -0.138491 -0.349044
 0.872021 -0.135308 -0.354733
 0.870552 -0.132163 -0.360433
 0.868925 -0.129047 -0.366136
  0.86715 -0.125949  -0.37183
 0.865239  -0.12286 -0.377503
 0.863206 -0.119768 -0.383146
 0.861062 -0.116662 -0.388744
 0.858822 -0.113532 -0.394286
 0.856501 -0.110366 -0.399759
 0.854113 -0.107153 -0.405151
 0.851676 -0.103881 -0.410448
 0.849204 -0.100539 -0.415637
  0.846714 -0.0971154  -0.420706
  0.844224 -0.0935996  -0.425641
   0.84175 -0.0899809  -0.430429
  0.839309 -0.0862489  -0.435057
   0.83692 -0.0823941  -0.439513
  0.834598 -0.0784073  -0.443784
  0.832361 -0.0742802  -0.447857
  0.830225 -0.0700051   -0.45172
  0.828207 -0.0655756  -0.455361
  0.826321 -0.0609858  -0.458767
  0.824583 -0.0562312  -0.461926
  0.823006 -0.0513083  -0.464827
 0.821603 -0.046215 -0.467458
  0.820388 -0.0409503  -0.469807
   0.81937 -0.0355147  -0.471864
  0.818559 -0.0299103  -0.473618
  0.817964 -0.0241403  -0.475057
  0.817593 -0.0182097  -0.476172
  0.817451 -0.0121251  -0.476953
   0.817543 -0.00589455    -0.47739
   0.817872 0.000472255   -0.477474
 0.818439  0.006964 -0.477197
 0.819244 0.0135678 -0.476552
 0.820287 0.0202693 -0.475531
 0.821564 0.0270525 -0.474129
 0.823071    0.0339 -0.472341
 0.824803 0.0407931 -0.470163
 0.826751 0.0477119 -0.467592
 0.828909 0.0546352 -0.464628
 0.831266 0.0615408 -0.461271
 0.833811 0.0684059 -0.457523
 0.836533 0.0752067 -0.453388
 0.839418 0.0819191 -0.448872
 0.842453 0.0885187 -0.443982
 0.845624  0.094981 -0.438729
 0.848916  0.101282 -0.433122
 0.852312  0.107397 -0.427178
0.855796 0.113303 -0.42091
 0.859353  0.118978 -0.414338
0.862966   0.1244 -0.40748
0.866619 0.129549 -0.40036
 0.870294  0.134408 -0.392999
 0.873977   0.13896 -0.385425
 0.877651  0.143189 -0.377663
 0.881302  0.147084 -0.369742
 0.884914  0.150635 -0.361691
 0.888474  0.153833 -0.353541
 0.891969  0.156675 -0.345322
 0.895387  0.159157 -0.337067
 0.898717   0.16128 -0.328805
0.901948 0.163047 -0.32057
 0.905072  0.164462 -0.312393
 0.908081  0.165535 -0.304303
 0.910968  0.166274 -0.296332
 0.913728  0.166694 -0.288507
 0.916357  0.166809 -0.280857
  0.91885  0.166635 -0.273407
 0.921208  0.166191 -0.266182
 0.923427  0.165497 -0.259205
  0.92551  0.164575 -0.252497
 0.927456  0.163446 -0.246077
 0.929268  0.162134 -0.239961
 0.930948  0.160662 -0.234166
 0.932501  0.159055 -0.228703
 0.933931  0.157335 -0.223583
 0.935242  0.155528 -0.218816
  0.93644  0.153656 -0.214409
 0.937531  0.151742 -0.210366
 0.938521  0.149808 -0.206692
 0.939416  0.147874 -0.203388
 0.940223  0.145961 -0.200454
 0.940947  0.144086 -0.197891
 0.941596  0.142267 -0.195695
 0.942175   0.14052 -0.193864
 0.942691  0.138859 -0.192394
 0.943149  0.137295 -0.191279
 0.943554   0.13584 -0.190514
 0.943911  0.134503 -0.190093
 0.944226  0.133292 -0.190008
 0.944502  0.132213 -0.190254
 0.944743  0.131269 -0.190823
 0.944952  0.130465 -0.191707
 0.945131  0.129801 -0.192898
 0.945284  0.129277 -0.194388
0.945412 0.128893 -0.19617
 0.945516  0.128646 -0.198235
 0.945597  0.128532 -0.200574
0.945656 0.128546 -0.20318
 0.945693  0.128684 -0.206044
 0.945707   0.12894 -0.209157
   0.9457  0.129305 -0.212511
 0.945669  0.129772 -0.216096
 0.945614  0.130335 -0.219903
 0.945534  0.130983 -0.223922
 0.945429  0.131709 -0.228144
 0.945296  0.132504 -0.232559
 0.945136  0.133359 -0.237155
 0.944948  0.134266 -0.241922
  0.94473  0.135217 -0.246847
0.944482 0.136202 -0.25192
 0.944204  0.137215 -0.257128
 0.943896  0.138249 -0.262457
 0.943558  0.139296 -0.267894
 0.943191  0.140351 -0.273426
 0.942796  0.141409 -0.279037
 0.942373  0.142465 -0.284712
 0.941926  0.143516 -0.290437
 0.941455  0.144559 -0.296195
 0.940965  0.145591 -0.301971
 0.940458  0.146613 -0.307746
 0.939938  0.147623 -0.313506
 0.939409  0.148623 -0.319231
 0.938876  0.149614 -0.324906
 0.938344  0.150598 -0.330513
 0.937818   0.15158 -0.336033
0.937304 0.152562 -0.34145
 0.936809   0.15355 -0.346746
  0.93634  0.154548 -0.351902
 0.935902  0.155563 -0.356903
0.935504   0.1566 -0.36173
 0.935153  0.157666 -0.366366
 0.934855  0.158767 -0.370796
  0.93462  0.159911 -0.375001
 0.934455  0.161104 -0.378966
 0.934367  0.162353 -0.382676
 0.934364  0.163665 -0.386114
 0.934453  0.165044 -0.389267
 0.934641  0.166498 -0.392119
 0.934936  0.168031 -0.394657
 0.935343  0.169648 -0.396868
  0.93587  0.171352 -0.398737
  0.93652  0.173146 -0.400255
   0.9373  0.175032 -0.401408
 0.938214  0.177011 -0.402186
 0.939265  0.179082 -0.402578
 0.940456  0.181244 -0.402576
  0.94179  0.183495 -0.402171
 0.943267   0.18583 -0.401355
0.944887 0.188245 -0.40012
 0.946652  0.190732 -0.398462
 0.948558  0.193284 -0.396374
 0.950603  0.195893 -0.393854
 0.952784  0.198547 -0.390899
 0.955097  0.201236 -0.387506
 0.957536  0.203947 -0.383676
 0.960095  0.206667 -0.379409
 0.962766   0.20938 -0.374708
 0.965541  0.212073 -0.369578
 0.968412  0.214728 -0.364022
 0.971369  0.217331 -0.358049
   0.9744  0.219862 -0.351666
 0.977496  0.222306 -0.344883
 0.980644  0.224646 -0.337713
0.983832 0.226863 -0.33017
 0.987047   0.22894 -0.322267
 0.990277  0.230862 -0.314022
 0.993509  0.232611 -0.305454
 0.996729  0.234172 -0.296583
 0.999924  0.235531 -0.287432
  1.00308  0.236672 -0.278024
  1.00619  0.237585 -0.268385
  1.00923  0.238257 -0.258542
   1.0122  0.238678 -0.248523
  1.01508  0.238841 -0.238359
  1.01787  0.238737 -0.228079
  1.02054  0.238363 -0.217717
   1.0231  0.237715 -0.207304
  1.02554  0.236792 -0.196877
  1.02785  0.235594 -0.186468
  1.03002  0.234124 -0.176112
  1.03204  0.232386 -0.165845
  1.03392  0.230386 -0.155701
  1.03566  0.228131 -0.145715
 1.03724 0.225631 -0.13592
  1.03868  0.222896 -0.126351
 1.03997 0.219938 -0.11704
  1.04112  0.216771 -0.108018
  1.04212  0.213407 -0.099316
   1.04299   0.209862 -0.0909624
   1.04373   0.206149 -0.0829846
   1.04435   0.202285 -0.0754085
  1.04485  0.198285 -0.068258
   1.04524   0.194162 -0.0615552
   1.04553   0.189932 -0.0553201
   1.04573   0.185609 -0.0495707
   1.04584   0.181204 -0.0443232
   1.04588    0.17673 -0.0395911
   1.04584   0.172197 -0.0353861
   1.04575   0.167614 -0.0317176
    1.0456   0.162988 -0.0285929
    1.0454   0.158326 -0.0260162
   1.04515   0.153631 -0.0239902
  1.04487  0.148905 -0.022515
   1.04455   0.144148 -0.0215886
   1.04419    0.13936 -0.0212062
   1.0438  0.134537 -0.021361
   1.04338   0.129673 -0.0220437
   1.04292   0.124762 -0.0232425
   1.04242   0.119796 -0.0249434
   1.04187   0.114764 -0.0271299
   1.04128   0.109656 -0.0297832
   1.04064   0.104459 -0.0328823
   1.03993  0.0991607 -0.0364036
   1.03916   0.093748 -0.0403215
   1.03831  0.0882068 -0.0446083
  1.03738 0.0825236 -0.049234
  1.03635  0.076685 -0.054167
   1.03522  0.0706781 -0.0593735
   1.03398  0.0644909 -0.0648182
  1.03261 0.0581132 -0.070465
   1.03112  0.0515354 -0.0762757
   1.02949  0.0447502 -0.0822117
   1.02771  0.0377521 -0.0882335
   1.02578  0.0305377 -0.0943013
   1.0237 0.0231061 -0.100375
  1.02145 0.0154591 -0.106416
   1.01904 0.00760084  -0.112384
     1.01646 -0.000461653    -0.118242
    1.01371 -0.00871868   -0.123952
    1.0108 -0.0171579  -0.129481
   1.00771 -0.0257642  -0.134795
   1.00446 -0.0345202  -0.139863
   1.00105 -0.0434059  -0.144658
  0.997484 -0.0523995  -0.149153
 0.993765 -0.061477 -0.153327
    0.9899 -0.0706129  -0.157162
  0.985897 -0.0797804   -0.16064
  0.981765 -0.0889515  -0.163751
  0.977511 -0.0980976  -0.166486
 0.973145  -0.10719 -0.168841
 0.968674 -0.116199 -0.170813
 0.964109 -0.125096 -0.172406
 0.959459 -0.133853 -0.173624
 0.954732 -0.142443 -0.174477
 0.949937 -0.150838 -0.174977
 0.945082 -0.159015 -0.175138
 0.940175  -0.16695 -0.174978
 0.935222 -0.174622 -0.174516
  0.93023  -0.18201 -0.173774
 0.925204 -0.189097 -0.172775
 0.920149 -0.195868 -0.171546
 0.915068 -0.202309  -0.17011
 0.909965 -0.208409 -0.168496
 0.904842 -0.214159 -0.166732
 0.899699 -0.219552 -0.164843
 0.894537 -0.224583  -0.16286
 0.889356 -0.229249 -0.160808
 0.884154 -0.233548 -0.158715
  0.87893 -0.237482 -0.156606
 0.873681 -0.241051 -0.154506
 0.868405 -0.244261 -0.152439
 0.863099 -0.247114 -0.150427
 0.857758 -0.249618  -0.14849
  0.85238 -0.251779 -0.146646
  0.84696 -0.253606 -0.144912
 0.841495 -0.255107 -0.143301
  0.83598 -0.256292 -0.141825
 0.830412 -0.257171 -0.140494
 0.824787 -0.257756 -0.139315
   0.8191 -0.258058 -0.138293
 0.813347 -0.258091  -0.13743
 0.807525 -0.257867 -0.136728
 0.801629 -0.257401 -0.136184
 0.795656 -0.256708 -0.135795
   0.7896 -0.255802 -0.135556
 0.783458 -0.254702 -0.135462
 0.777224 -0.253424 -0.135505
 0.770892 -0.251988 -0.135679
 0.764456 -0.250416 -0.135977
 0.757907  -0.24873 -0.136394
 0.751238 -0.246953 -0.136925
  0.74444 -0.245107 -0.137568
 0.737503 -0.243215 -0.138321
  0.73042 -0.241298 -0.139186
 0.723181 -0.239377 -0.140167
 0.715777 -0.237468  -0.14127
   0.7082 -0.235587 -0.142503
 0.700441 -0.233746 -0.143876
 0.692495 -0.231953 -0.145403
 0.684354 -0.230214 -0.147098
 0.676015 -0.228529 -0.148975
 0.667475 -0.226895 -0.151051
 0.658733 -0.225303 -0.153341
  0.64979 -0.223742  -0.15586
 0.640649 -0.222195 -0.158621
 0.631316 -0.220641 -0.161636
 0.621799 -0.219057 -0.164912
 0.612108 -0.217418 -0.168455
 0.602257 -0.215695 -0.172265
 0.59226 -0.21386 -0.17634
 0.582136 -0.211884 -0.180671
 0.571904 -0.209738 -0.185248
 0.561585 -0.207397 -0.190054
 0.551202 -0.204836  -0.19507
 0.540779 -0.202035 -0.200272
  0.53034 -0.198978 -0.205636
 0.519912 -0.195652 -0.211131
 0.509517 -0.192051  -0.21673
 0.499182 -0.188174 -0.222401
 0.488929 -0.184023 -0.228116
 0.478781 -0.179609 -0.233843
 0.468757 -0.174945 -0.239557
 0.458877 -0.170053  -0.24523
 0.449156 -0.164955 -0.250841
 0.439607 -0.159681 -0.256369
  0.43024 -0.154264 -0.261798
 0.421061  -0.14874 -0.267115
 0.412075 -0.143149 -0.272312
 0.403281 -0.137532 -0.277381
 0.394676 -0.131933 -0.282322
  0.38625   -0.1264 -0.287134
 0.377994  -0.12098 -0.291822
 0.369892 -0.115724 -0.296391
 0.361926 -0.110681 -0.300848
 0.354075 -0.105907 -0.305201
 0.346312 -0.101455 -0.309458
   0.33861 -0.0973829  -0.313627
  0.330938 -0.0937492  -0.317713
  0.323263 -0.0906156  -0.321721
  0.315551 -0.0880465  -0.325649
  0.307766 -0.0861093  -0.329493
   0.29987 -0.0848748  -0.333241
  0.291828 -0.0844169  -0.336875
  0.283605 -0.0848132  -0.340369
  0.275166 -0.0861445  -0.343683
   0.26648 -0.0884941  -0.346769
  0.257523 -0.0919476  -0.349564
  0.248273 -0.0965914   -0.35199
 0.238716 -0.102511 -0.353952
 0.228849  -0.10979 -0.355336
 0.218676 -0.118505  -0.35601
 0.208217 -0.128726  -0.35582
 0.197503  -0.14051 -0.354591
 0.186583 -0.153896 -0.352125
 0.175523 -0.168904 -0.348207
 0.164407 -0.185524   -0.3426
 0.153342 -0.203715 -0.335052
 0.142455 -0.223396 -0.325299
 0.131895 -0.244442 -0.313071
 0.121834 -0.266678 -0.298097
 0.112467 -0.289873 -0.280116
 0.104006 -0.313739 -0.258888
0.0974375 -0.359137 -0.219085
  0.111996  -0.475721 -0.0822826
 0.150944 -0.539642 0.0793433
 0.205998 -0.550432  0.240876
 0.269329 -0.517121  0.385688
 0.334641 -0.451957  0.504735
 0.397481 -0.367041  0.595052
 0.455095 -0.272551  0.657764
 0.506065 -0.176147  0.696292
  0.549932 -0.0830449   0.715021
  0.586853 0.00357748   0.718428
 0.617346 0.0820891  0.710599
0.642109 0.151942 0.695002
  0.6619 0.213288 0.674426
0.677468 0.266686 0.651027
0.689508 0.312901 0.626408
0.698641 0.352767 0.601721
0.705412 0.387106 0.577762
0.710286 0.416677 0.555056
0.713662 0.442157 0.533926
0.715874 0.464131 0.514552
0.717205 0.483093 0.497008
0.717894 0.499458 0.481298
0.718147  0.51356 0.467378
0.718136 0.525673 0.455175
0.718006 0.536017 0.444602
0.717888 0.544764 0.435556
0.717892 0.552046 0.427936
0.718114 0.557966 0.421637
 0.71864 0.562603 0.416555
0.719537 0.566022 0.412588
0.720858 0.568266 0.409645
 0.72265 0.569371  0.40763
0.724953 0.569364 0.406444
0.727795 0.568264    0.406
0.731192 0.566087 0.406206
0.735157 0.562847 0.406975
0.739684 0.558565 0.408213
0.744762 0.553257 0.409833
0.750378 0.546944 0.411743
0.756508 0.539648 0.413852
0.763121   0.5314 0.416073
0.770179 0.522234 0.418318
0.777641 0.512191 0.420499
0.785459 0.501321 0.422534
0.793581 0.489679 0.424342
0.801954 0.477328 0.425848
 0.81052 0.464341 0.426984
0.819222 0.450794 0.427687
   0.828 0.436772 0.427903
0.836796 0.422365  0.42759
0.845552 0.407668 0.426713
0.854213 0.392777 0.425251
0.862726 0.377792 0.423192
0.871041 0.362812 0.420538
0.879113 0.347934 0.417304
0.886902 0.333252 0.413515
 0.89437 0.318853 0.409206
0.901488 0.304819 0.404426
 0.90823 0.291223 0.399228
0.914577 0.278126 0.393677
0.920515 0.265583 0.387841
0.926036 0.253633 0.381792
0.931135 0.242307 0.375604
0.935814 0.231623 0.369351
0.940081 0.221587 0.363107
0.943943 0.212198 0.356939
0.947416 0.203442 0.350913
0.950514 0.195299 0.345084
0.953258 0.187743 0.339504
0.955666  0.18074 0.334214
0.957762 0.174256 0.329249
0.959568 0.168253 0.324632
0.961107 0.162692 0.320379
0.962403 0.157536 0.316499
0.963477 0.152749 0.312992
0.964353 0.148299 0.309849
0.965051 0.144156 0.307057
0.965593 0.140296 0.304597
0.965997 0.136699 0.302443
0.966283 0.133349 0.300568
0.966467 0.130237 0.298938
0.966567 0.127356 0.297521
0.966597 0.124704 0.296279
0.966572 0.122283 0.295174
0.966506 0.120097 0.294168
0.966412 0.118153 0.293222
0.966304 0.116459 0.292295
0.966192 0.115023 0.291348
0.966089 0.113853 0.290342
0.966007 0.112958 0.289236
0.965956 0.112341 0.287992
0.965948 0.112005 0.286572
0.965992 0.111949 0.284937
0.966098 0.112169  0.28305
0.966275 0.112655 0.280875
0.966532 0.113393 0.278378
0.966876 0.114363 0.275526
0.967314 0.115541 0.272287
 0.96785 0.116897 0.268634
0.968488 0.118394 0.264539
0.969231 0.119994 0.259982
0.970078 0.121649 0.254944
0.971029 0.123311 0.249409
0.972081 0.124926 0.243369
0.973227 0.126438 0.236818
0.974461 0.127787 0.229758
0.975774 0.128914 0.222194
0.977154 0.129757 0.214138
0.978587 0.130256 0.205609
 0.98006 0.130352  0.19663
0.981554 0.129987 0.187229
0.983053 0.129107 0.177442
0.984535 0.127663 0.167309
 0.98598 0.125609 0.156873
0.987368 0.122906 0.146183
0.988675 0.119523 0.135289
0.989879 0.115433 0.124246
0.990959 0.110619 0.113109
0.991892 0.105071 0.101933
 0.992657 0.0987893 0.0907746
 0.993235 0.0917807 0.0796871
 0.993608 0.0840614 0.0687218
 0.993759 0.0756559 0.0579264
 0.993674 0.0665968 0.0473439
 0.993342 0.0569241 0.0370118
 0.992755 0.0466847 0.0269609
 0.991906 0.0359316 0.0172149
  0.990794  0.0247229 0.00778967
    0.98942   0.0131212 -0.00130709
  0.987787 0.00119212 -0.0100762
  0.985905 -0.0109964 -0.0185269
  0.983783 -0.0233751 -0.0266769
  0.981437 -0.0358745 -0.0345514
  0.978881 -0.0484257 -0.0421833
  0.976136  -0.060961 -0.0496118
  0.973223 -0.0734145 -0.0568819
  0.970165 -0.0857224 -0.0640427
  0.966986 -0.0978235 -0.0711472
  0.963713  -0.109659 -0.0782499
  0.960371  -0.121173 -0.0854063
  0.956987  -0.132311 -0.0926714
 0.953588 -0.143021 -0.100098
 0.950202 -0.153253 -0.107736
 0.946855 -0.162956 -0.115631
 0.943573 -0.172083 -0.123822
 0.940383 -0.180584 -0.132342
 0.937312 -0.188411 -0.141218
 0.934384 -0.195512 -0.150464
0.931626 -0.20184 -0.16009
 0.929064 -0.207341 -0.170092
 0.926722 -0.211967 -0.180457
 0.924627 -0.215667  -0.19116
 0.922804  -0.21839 -0.202166
 0.921278 -0.220092 -0.213427
 0.920073 -0.220727 -0.224885
 0.919215 -0.220257  -0.23647
 0.918726 -0.218646   -0.2481
 0.918627 -0.215866 -0.259686
 0.918938 -0.211898 -0.271128
 0.919675 -0.206731 -0.282319
 0.920852 -0.200363 -0.293145
 0.922478 -0.192803 -0.303489
 0.924557 -0.184074 -0.313228
  0.92709 -0.174208 -0.322242
 0.930068 -0.163252 -0.330411
 0.933478 -0.151263 -0.337617
   0.9373 -0.138311 -0.343752
 0.941506 -0.124478 -0.348712
  0.94606 -0.109853 -0.352408
 0.950921 -0.094536 -0.354761
  0.956038 -0.0786327  -0.355709
  0.961356 -0.0622545  -0.355203
  0.966812 -0.0455146  -0.353215
   0.97234 -0.0285277  -0.349736
  0.977868 -0.0114061  -0.344774
  0.983324 0.00574116  -0.338358
 0.988634 0.0228119 -0.330535
 0.993725 0.0397108 -0.321371
 0.998523 0.0563519 -0.310949
  1.00296 0.0726599 -0.299368
  1.00698 0.0885711  -0.28674
 1.01051 0.104033 -0.27319
  1.01351  0.119007 -0.258851
  1.01594  0.133465 -0.243866
  1.01776   0.14739 -0.228381
  1.01895  0.160775 -0.212546
   1.0195  0.173626 -0.196512
  1.01941  0.185952 -0.180428
 1.01868 0.197772 -0.16444
  1.01732  0.209109 -0.148688
  1.01537  0.219989 -0.133305
  1.01285  0.230439 -0.118417
  1.00982  0.240487 -0.104145
    1.0063   0.250161 -0.0905942
   1.00237   0.259485 -0.0778612
 0.998072  0.268479 -0.066031
   0.99347   0.277159 -0.0551782
  0.988627   0.285536 -0.0453632
  0.983607   0.293615 -0.0366368
  0.978473   0.301396 -0.0290375
  0.973289   0.308873 -0.0225928
  0.968114   0.316033 -0.0173172
  0.963009   0.322858 -0.0132167
  0.958029   0.329327 -0.0102845
   0.953226    0.335413 -0.00850455
   0.948647    0.341086 -0.00785085
   0.944337    0.346314 -0.00828853
   0.940333    0.351063 -0.00977416
  0.93667  0.355298 -0.012256
  0.933377   0.358985 -0.0156768
  0.930478    0.36209 -0.0199713
  0.927991   0.364582 -0.0250691
  0.925933   0.366432 -0.0308953
  0.924311   0.367614 -0.0373708
  0.923133   0.368108 -0.0444135
    0.9224   0.367896 -0.0519393
  0.922111   0.366966 -0.0598626
  0.922259   0.365311 -0.0680976
  0.922836   0.362929 -0.0765586
  0.923832   0.359823 -0.0851615
  0.925233      0.356 -0.0938241
 0.927024  0.351472 -0.102467
 0.929185  0.346256 -0.111015
   0.9317  0.340369 -0.119395
 0.934545  0.333836 -0.127542
   0.9377  0.326679 -0.135393
 0.941139  0.318924 -0.142894
 0.944837  0.310599 -0.149995
 0.948767  0.301729 -0.156652
 0.952899   0.29234 -0.162832
 0.957202  0.282458 -0.168506
 0.961642  0.272106 -0.173653
 0.966183  0.261306 -0.178262
 0.970785  0.250077 -0.182328
 0.975407  0.238438 -0.185858
 0.980002  0.226407 -0.188865
 0.984521  0.213999 -0.191371
 0.988913   0.20123 -0.193411
  0.99312  0.188117 -0.195024
 0.997086  0.174681 -0.196264
  1.00075  0.160945 -0.197188
  1.00404  0.146936 -0.197867
  1.00691  0.132691 -0.198376
  1.00929  0.118254 -0.198798
  1.01111  0.103678 -0.199221
  1.01232 0.0890311 -0.199737
  1.01287 0.0743907 -0.200438
  1.01271 0.0598501 -0.201415
   1.0118 0.0455158 -0.202753
  1.01012  0.031508 -0.204533
  1.00765 0.0179592 -0.206822
   1.00439 0.00501314  -0.209673
    1.00036 -0.00717883    -0.21312
  0.995573 -0.0184604  -0.217179
  0.990083 -0.0286747  -0.221841
  0.983944 -0.0376689  -0.227072
  0.977227 -0.0452996   -0.23281
  0.970015 -0.0514377  -0.238971
    0.9624 -0.0559742  -0.245443
   0.95448 -0.0588248  -0.252093
   0.94636 -0.0599343  -0.258769
  0.938143 -0.0592803  -0.265304
   0.92993 -0.0568754  -0.271524
  0.921819 -0.0527683   -0.27725
  0.913896 -0.0470432  -0.282308
  0.906237 -0.0398185  -0.286534
  0.898908 -0.0312432  -0.289783
  0.891958 -0.0214925  -0.291928
  0.885424 -0.0107625  -0.292872
   0.879325 0.000736129   -0.292548
  0.87367 0.0127853 -0.290922
 0.868455 0.0251651 -0.287993
 0.863665 0.0376607 -0.283795
 0.859277 0.0500715 -0.278393
 0.855264 0.0622109  -0.27188
 0.851591 0.0739145 -0.264376
 0.848231 0.0850391 -0.256017
 0.845147 0.0954705 -0.246958
 0.842311   0.10512 -0.237364
 0.839699  0.113923 -0.227405
  0.83729  0.121843 -0.217251
 0.835068  0.128862 -0.207072
 0.833023  0.134985 -0.197027
0.831152 0.140231 -0.18727
0.829454 0.144635 -0.17794
 0.827933  0.148239 -0.169166
 0.826596  0.151092 -0.161062
 0.825452  0.153248 -0.153728
 0.824512  0.154759 -0.147251
 0.823785  0.155677 -0.141707
  0.82328  0.156048 -0.137156
0.823005 0.155913 -0.13365
 0.822963  0.155305 -0.131228
 0.823154   0.15425 -0.129921
0.823576 0.152764 -0.12975
 0.824218  0.150857 -0.130728
 0.825067  0.148527 -0.132859
 0.826104  0.145766 -0.136141
 0.827303  0.142559 -0.140562
 0.828634  0.138883 -0.146102
  0.83006  0.134711 -0.152735
 0.831542  0.130015 -0.160424
 0.833033  0.124764 -0.169123
 0.834486  0.118927 -0.178779
 0.835849  0.112477 -0.189329
 0.837071  0.105394 -0.200699
 0.838099 0.0976635 -0.212811
 0.838885 0.0892813 -0.225576
 0.839381 0.0802556 -0.238899
 0.839547 0.0706079 -0.252683
 0.839349 0.0603743 -0.266827
 0.838759 0.0496067  -0.28123
  0.83776 0.0383727 -0.295795
 0.836343 0.0267551 -0.310429
 0.834508 0.0148517  -0.32505
  0.832266 0.00277264  -0.339583
   0.829633 -0.00936084   -0.353969
  0.826633 -0.0214194  -0.368162
  0.823295 -0.0332686  -0.382132
  0.819649 -0.0447719  -0.395863
 0.815728 -0.055794 -0.409355
 0.811559 -0.066204 -0.422619
 0.807169 -0.075879 -0.435676
  0.802577 -0.0847058  -0.448557
  0.797797 -0.0925843  -0.461292
  0.792837 -0.0994288  -0.473915
 0.787696  -0.10517 -0.486453
 0.782372 -0.109754 -0.498927
 0.776857 -0.113145 -0.511347
 0.771141 -0.115326 -0.523711
 0.765218 -0.116293 -0.536004
 0.759085 -0.116061 -0.548195
 0.752744 -0.114659 -0.560242
 0.746208 -0.112128 -0.572087
   0.7395 -0.108523 -0.583663
 0.732654 -0.103906 -0.594897
  0.725717 -0.0983512  -0.605707
  0.718751 -0.0919364  -0.616011
  0.711826 -0.0847454  -0.625728
  0.705026 -0.0768651  -0.634778
   0.69844 -0.0683835  -0.643088
  0.692168 -0.0593884   -0.65059
  0.686311 -0.0499662  -0.657227
  0.680972 -0.0402002  -0.662948
  0.676255 -0.0301697  -0.667712
  0.672256 -0.0199487  -0.671488
    0.66907 -0.00960706   -0.674249
   0.666782 0.000792933   -0.675977
0.665467 0.011195 -0.67666
 0.665188 0.0215496 -0.676286
 0.665997 0.0318135 -0.674851
 0.667932 0.0419509 -0.672349
 0.671017 0.0519319 -0.668773
 0.675261 0.0617336  -0.66412
 0.680657 0.0713389 -0.658382
 0.687184 0.0807369 -0.651551
 0.694806 0.0899224 -0.643618
 0.703473 0.0988957 -0.634572
 0.713119  0.107663 -0.624405
 0.723667  0.116234 -0.613105
 0.735024  0.124626 -0.600663
 0.747089   0.13286 -0.587076
0.759749 0.140961 -0.57234
 0.772882   0.14896 -0.556459
  0.78636   0.15689 -0.539445
 0.800048  0.164789 -0.521315
 0.813808  0.172699 -0.502097
 0.827501  0.180662 -0.481827
 0.840986  0.188725 -0.460553
 0.854127  0.196933 -0.438333
 0.866791  0.205332 -0.415234
 0.878851  0.213964 -0.391335
 0.890188  0.222873 -0.366724
 0.900691  0.232095 -0.341495
 0.910261  0.241665 -0.315754
 0.933421  0.230193 -0.287122
 0.955745  0.218324 -0.256871
 0.974375  0.210185 -0.226321
 0.989714  0.205203 -0.196157
  1.00216  0.202829 -0.166862
  1.01211  0.202563 -0.138748
  1.01991  0.203962 -0.112004
   1.02587    0.20664 -0.0867227
   1.03029   0.210267 -0.0629283
   1.03341   0.214564 -0.0405965
   1.03545     0.2193 -0.0196705
     1.03659     0.224284 -7.27619e-05
  1.03698   0.22936 0.0182857
  1.03676  0.234404 0.0354993
  1.03604  0.239314 0.0516625
  1.03492  0.244014 0.0668672
  1.03347  0.248441 0.0812002
  1.03175  0.252551 0.0947418
 1.02983  0.25631 0.107566
 1.02774 0.259694 0.119737
 1.02553 0.262687 0.131315
 1.02322 0.265279  0.14235
 1.02084 0.267467 0.152887
 1.01841 0.269249 0.162965
 1.01596 0.270629 0.172615
 1.01351 0.271611 0.181865
 1.01106   0.2722 0.190737
 1.00863 0.272404 0.199252
 1.00625  0.27223 0.207423
 1.00391 0.271685 0.215264
 1.00164 0.270776 0.222784
0.99945 0.26951 0.22999
0.997348 0.267894 0.236889
0.995348 0.265932 0.243483
0.993462  0.26363 0.249776
0.991702 0.260991 0.255768
0.990079 0.258019 0.261459
0.988604 0.254717 0.266847
0.987286 0.251089  0.27193
0.986134 0.247137 0.276702
0.985157 0.242863 0.281159
0.984362 0.238271 0.285293
0.983756 0.233365 0.289098
0.983342  0.22815 0.292562
0.983127  0.22263 0.295676
0.983111 0.216814 0.298427
0.983297 0.210709 0.300803
0.983685 0.204325 0.302789
0.984274 0.197676 0.304371
0.985061 0.190775 0.305532
0.986042 0.183638 0.306257
0.987212 0.176286  0.30653
0.988564 0.168739 0.306334
 0.99009 0.161022 0.305656
0.991781 0.153162 0.304479
0.993625 0.145187 0.302793
0.995611 0.137129 0.300585
0.997725 0.129024 0.297848
0.999952 0.120906 0.294575
 1.00228 0.112814 0.290763
 1.00469 0.104787 0.286415
 1.00716 0.096867 0.281534
  1.00968 0.0890949  0.276132
  1.01222 0.0815128   0.27022
  1.01478 0.0741623   0.26382
  1.01733 0.0670847  0.256954
  1.01986 0.0603193  0.249654
 1.02234 0.053904 0.241953
 1.02477 0.047874 0.233892
  1.02712 0.0422614  0.225515
  1.02938 0.0370948  0.216872
  1.03154 0.0323984  0.208018
   1.0336 0.0281919  0.199011
  1.03553 0.0244899  0.189912
  1.03734 0.0213018  0.180787
  1.03901 0.0186313  0.171701
  1.04056 0.0164762  0.162724
  1.04197 0.0148288  0.153925
  1.04326 0.0136764  0.145373
 1.04442 0.012999 0.137137
  1.04546 0.0127728  0.129284
  1.04639 0.0129692  0.121881
  1.04722 0.0135551  0.114988
  1.04795 0.0144938  0.108668
   1.0486 0.0157455  0.102975
  1.04917 0.0172688 0.0979598
  1.04967 0.0190205 0.0936707
   1.0501 0.0209568 0.0901501
  1.05048 0.0230347 0.0874357
  1.05079 0.0252114 0.0855591
  1.05104 0.0274483 0.0845471
  1.05121  0.029708 0.0844215
  1.05131 0.0319576 0.0851984
  1.05132 0.0341686 0.0868879
   1.0512 0.0363179 0.0894956
  1.05096 0.0383885 0.0930201
  1.05055 0.0403699  0.097455
  1.04994 0.0422583  0.102787
  1.04911 0.0440573  0.108998
  1.04801 0.0457782  0.116062
  1.04661 0.0474393  0.123948
  1.04487 0.0490666  0.132616
  1.04274 0.0506928  0.142021
  1.04019 0.0523573  0.152109
  1.03719 0.0541052  0.162821
  1.03369 0.0559864  0.174088
  1.02969 0.0580546  0.185837
  1.02514 0.0603662  0.197984
  1.02005 0.0629787  0.210444
   1.0144 0.0659493   0.22312
  1.00821 0.0693333  0.235915
  1.00148 0.0731825  0.248726
 0.994238 0.0775438  0.261445
 0.986524 0.0824574  0.273966
 0.978382 0.0879557   0.28618
  0.96987 0.0940619  0.297982
0.961053 0.100789 0.309265
0.952008 0.108141 0.319932
0.942817 0.116109 0.329888
0.933571 0.124673 0.339046
0.924367 0.133805 0.347326
0.915301 0.143465 0.354659
0.906477 0.153602 0.360983
0.897996 0.164162 0.366249
0.889958 0.175075 0.370413
0.882463 0.186272 0.373445
0.875604 0.197673 0.375319
0.869469 0.209199 0.376022
0.864138 0.220759 0.375546
0.859684 0.232265 0.373888
0.856171 0.243624 0.371048
0.853651  0.25474 0.367033
0.852166 0.265515 0.361851
0.851746 0.275851  0.35551
0.852408 0.285647 0.348019
0.854154 0.294799 0.339386
0.856973 0.303204  0.32962
0.860841 0.310757 0.318729
0.865718 0.317352  0.30672
0.871545 0.322883   0.2936
0.878253 0.327244 0.279377
0.885752  0.33033 0.264061
0.893938 0.332042 0.247667
0.902691 0.332282 0.230211
0.911875 0.330958 0.211719
0.921339 0.327989 0.192222
0.930919 0.323302 0.171762
0.940438 0.316838  0.15039
0.949712 0.308552 0.128169
0.958549 0.298418 0.105178
 0.966751  0.286425 0.0815063
 0.974122  0.272587 0.0572584
  0.98047  0.256935 0.0325532
   0.98561   0.239524 0.00752331
  0.989368   0.220432 -0.0176852
  0.991586   0.199754 -0.0429142
  0.992128   0.177609 -0.0679954
   0.99088   0.154134 -0.0927522
 0.987757  0.129482 -0.117003
 0.982702  0.103821 -0.140562
 0.975692 0.0773306 -0.163248
 0.966735 0.0501967  -0.18488
 0.955875  0.022611 -0.205287
   0.943186 -0.00523417   -0.224308
  0.928778 -0.0331494  -0.241799
  0.912785 -0.0609516  -0.257629
  0.895372 -0.0884665   -0.27169
 0.876724 -0.115532 -0.283896
 0.857044 -0.142001 -0.294183
 0.836552  -0.16774 -0.302512
 0.815473 -0.192637 -0.308868
 0.794041 -0.216592 -0.313261
 0.772484 -0.239529 -0.315724
 0.751032 -0.261386 -0.316314
   0.7299  -0.28212 -0.315106
 0.709296 -0.301704 -0.312197
 0.689409 -0.320126 -0.307696
 0.670411 -0.337386 -0.301731
 0.652455 -0.353499 -0.294437
 0.635671 -0.368489 -0.285961
 0.620167 -0.382387 -0.276454
  0.60603 -0.395234 -0.266071
 0.593322 -0.407074 -0.254967
 0.582086 -0.417957 -0.243296
 0.572343 -0.427936 -0.231209
 0.564095 -0.437067 -0.218849
 0.557327 -0.445404 -0.206354
 0.552009 -0.453004 -0.193853
 0.548094 -0.459923 -0.181463
 0.545527 -0.466216 -0.169295
 0.544242 -0.471935 -0.157444
 0.544164 -0.477132 -0.145997
 0.545214 -0.481854  -0.13503
 0.547308 -0.486149 -0.124608
 0.550359 -0.490057 -0.114782
 0.554281  -0.49362 -0.105598
 0.558985 -0.496871 -0.097089
  0.564387  -0.499844 -0.0892802
  0.570404  -0.502565 -0.0821887
  0.576955  -0.505059 -0.0758241
  0.583967  -0.507345 -0.0701897
  0.591367  -0.509438 -0.0652829
  0.599089  -0.511349 -0.0610964
  0.607073  -0.513085 -0.0576183
  0.615263  -0.514651 -0.0548337
  0.623606  -0.516045 -0.0527247
  0.632057  -0.517264 -0.0512708
  0.640573  -0.518302 -0.0504502
  0.649117  -0.519152 -0.0502394
 0.657654 -0.519803 -0.050614
  0.666153  -0.520244 -0.0515486
  0.674585  -0.520464 -0.0530175
  0.682923  -0.520454 -0.0549945
  0.691142  -0.520203 -0.0574531
  0.699217  -0.519705 -0.0603667
  0.707124  -0.518954 -0.0637087
   0.71484  -0.517949 -0.0674526
  0.722341  -0.516692 -0.0715721
  0.729601   -0.51519 -0.0760418
  0.736596  -0.513453 -0.0808366
 0.743299 -0.511497 -0.085933
  0.749684  -0.509344 -0.0913089
  0.755721  -0.507019 -0.0969442
 0.761381 -0.504553 -0.102822
 0.766635 -0.501981 -0.108927
 0.771451  -0.49934 -0.115249
 0.775797 -0.496674 -0.121783
 0.779642 -0.494025 -0.128527
 0.782953 -0.491438 -0.135485
 0.785696 -0.488959 -0.142669
 0.787838 -0.486628 -0.150095
 0.789345 -0.484488 -0.157786
 0.790184 -0.482572 -0.165773
 0.790322  -0.48091 -0.174092
 0.789724 -0.479523 -0.182786
 0.788357 -0.478424 -0.191904
 0.786189 -0.477613 -0.201497
 0.783188  -0.47708 -0.211621
 0.779322   -0.4768 -0.222335
 0.774563 -0.476736 -0.233694
 0.768884 -0.476834 -0.245755
 0.762258 -0.477027 -0.258567
 0.754665 -0.477233 -0.272175
 0.746088 -0.477356 -0.286614
 0.736514 -0.477289 -0.301905
 0.725936 -0.476914  -0.31806
 0.714353 -0.476104  -0.33507
 0.701771 -0.474727 -0.352911
 0.688205 -0.472649 -0.371541
 0.673677 -0.469738 -0.390896
  0.65822 -0.465866 -0.410895
 0.641873 -0.460913 -0.431436
 0.624689 -0.454773   -0.4524
 0.606727 -0.447355 -0.473654
 0.588056 -0.438587 -0.495048
 0.568755  -0.42842 -0.516426
  0.54891 -0.416827 -0.537625
 0.528617 -0.403808 -0.558477
 0.507977 -0.389386  -0.57882
 0.487095 -0.373611 -0.598495
 0.466084 -0.356558 -0.617356
 0.445058 -0.338322  -0.63527
 0.424134 -0.319022 -0.652121
 0.403428 -0.298788 -0.667815
 0.383058 -0.277767 -0.682279
 0.363137 -0.256114 -0.695465
 0.343778  -0.23399 -0.707348
 0.325087 -0.211555 -0.717929
 0.307169 -0.188967 -0.727229
  0.29012 -0.166379 -0.735295
 0.274031 -0.143934 -0.742187
 0.258988 -0.121762 -0.747987
  0.245067 -0.0999818  -0.752785
   0.23234 -0.0786946  -0.756685
  0.220872 -0.0579879  -0.759795
  0.210719 -0.0379333  -0.762226
  0.201933 -0.0185874   -0.76409
   0.194558 6.86485e-06   -0.765492
 0.188634 0.0178189 -0.766536
 0.184194 0.0348287 -0.767313
 0.181265 0.0510249 -0.767908
  0.17987 0.0664024 -0.768392
 0.180029 0.0809608 -0.768822
 0.181753 0.0947019 -0.769244
 0.185052  0.107628 -0.769689
  0.18993  0.119741 -0.770176
 0.196386   0.13104 -0.770707
 0.204413  0.141522 -0.771276
0.214001 0.151177 -0.77186
 0.225133  0.159995 -0.772428
 0.237784   0.16796 -0.772936
 0.251926  0.175051 -0.773333
 0.267522  0.181247 -0.773559
 0.284526  0.186523 -0.773544
 0.302887  0.190855 -0.773216
 0.322545  0.194217 -0.772494
 0.343431  0.196588 -0.771297
 0.365469  0.197951 -0.769537
 0.388571  0.198291 -0.767128
 0.412646  0.197605 -0.763981
 0.437592  0.195894 -0.760011
 0.463301  0.193172 -0.755133
 0.489657  0.189462 -0.749267
 0.516539  0.184798 -0.742337
 0.543822  0.179229 -0.734277
 0.571377  0.172813 -0.725026
 0.599072  0.165622 -0.714534
 0.626774   0.15774 -0.702761
  0.65435   0.14926 -0.689682
  0.68167  0.140287 -0.675283
 0.708606  0.130934 -0.659565
 0.735036  0.121318 -0.642543
 0.760842  0.111564 -0.624249
 0.785915  0.101798 -0.604729
 0.810153 0.0921472 -0.584046
 0.833466 0.0827362 -0.562275
 0.855773 0.0736867 -0.539508
 0.877005  0.065114 -0.515846
 0.897103 0.0571258 -0.491404
 0.916022 0.0498201 -0.466305
 0.933731 0.0432843 -0.440679
 0.950207  0.037593 -0.414663
 0.965442 0.0328083 -0.388394
  0.97944 0.0289783 -0.362012
 0.992212 0.0261376 -0.335656
  1.00378 0.0243067 -0.309459
  1.01418 0.0234928  -0.28355
 1.02346  0.02369 -0.25805
  1.03165 0.0248805 -0.233072
   1.0388 0.0270351 -0.208716
  1.04499 0.0301147 -0.185072
  1.05026 0.0340711 -0.162218
  1.05467 0.0388488 -0.140217
  1.05829 0.0443866 -0.119119
   1.06118  0.0506199 -0.0989633
   1.0634 0.0574824 -0.079775
   1.06501  0.0649093 -0.0615705
   1.06606  0.0728361 -0.0443573
   1.06661  0.0811984 -0.0281332
   1.06671  0.0899301 -0.0128859
   1.06641  0.0989637 0.00140659
  1.06575  0.108231 0.0147753
  1.06478  0.117664 0.0272594
  1.06353  0.127196 0.0389044
 1.06204 0.136764 0.049761
  1.06485  0.133281 0.0104175
   1.06278   0.117876 -0.0585633
  1.05239  0.100183 -0.122708
  1.03409 0.0814354 -0.186206
  1.00752 0.0640687 -0.250576
 0.972509 0.0504612 -0.315202
 0.929458 0.0421565 -0.378244
 0.879371 0.0396974 -0.437496
 0.823695 0.0427775  -0.49098
 0.764094 0.0505179 -0.537262
 0.702255 0.0617504 -0.575549
 0.639734 0.0752455 -0.605642
  0.57787 0.0898672 -0.627814
 0.517746  0.104659 -0.642671
 0.460183  0.118877 -0.651022
 0.405762  0.131991 -0.653771
 0.354854  0.143658 -0.651835
 0.307653  0.153695 -0.646088
 0.264219  0.162042 -0.637331
   0.2245  0.168731 -0.626271
 0.188369   0.17386 -0.613516
 0.155644  0.177566 -0.599574
 0.126106  0.180009 -0.584865
0.0995151  0.181358 -0.569722
0.0756234  0.181784 -0.554409
0.0541819  0.181446 -0.539127
 0.034948  0.180494 -0.524025
0.0176897  0.179062 -0.509209
0.00218879   0.177269  -0.494749
-0.0117573   0.175217  -0.480691
-0.0243342   0.172995  -0.467058
-0.0357105   0.170677  -0.453855
-0.0460378   0.168323  -0.441078
-0.0554507   0.165985  -0.428714
-0.0640682   0.163703  -0.416746
-0.0719943   0.161511  -0.405153
-0.0793189   0.159435  -0.393912
-0.0861192   0.157496  -0.383003
-0.0924606   0.155712  -0.372407
-0.098398  0.154097 -0.362107
-0.103977  0.152662  -0.35209
-0.109234  0.151418 -0.342345
  -0.1142  0.150373 -0.332867
-0.118899  0.149534 -0.323654
-0.123348  0.148907 -0.314708
-0.127561  0.148498 -0.306036
-0.131549  0.148309 -0.297647
-0.135318  0.148344 -0.289556
-0.138875  0.148603  -0.28178
-0.142223  0.149085  -0.27434
-0.145363  0.149785 -0.267258
-0.148297  0.150698 -0.260561
-0.151027  0.151815 -0.254276
-0.153554  0.153121 -0.248432
 -0.15588  0.154601 -0.243058
-0.158006  0.156235 -0.238186
-0.159935  0.157996 -0.233844
-0.161672  0.159856 -0.230063
-0.163221  0.161781  -0.22687
-0.164588  0.163732 -0.224291
-0.165781  0.165667 -0.222348
-0.166805  0.167536 -0.221063
-0.167673  0.169289 -0.220452
-0.168392  0.170871 -0.220525
-0.168976  0.172221  -0.22129
-0.169436  0.173279 -0.222747
-0.169784   0.17398 -0.224892
-0.170035  0.174258 -0.227714
  -0.1702  0.174047 -0.231195
-0.170294  0.173278 -0.235311
-0.170329  0.171885  -0.24003
-0.170317  0.169801 -0.245313
 -0.17027  0.166962 -0.251115
-0.170198  0.163307 -0.257383
-0.170109  0.158777 -0.264057
-0.17001 0.153318 -0.27107
-0.169904  0.146879  -0.27835
-0.169795  0.139418 -0.285819
-0.16968 0.130895 -0.29339
-0.169558  0.121281 -0.300976
-0.169422  0.110551 -0.308481
-0.169263 0.0986907 -0.315807
-0.169069 0.0856923 -0.322854
-0.168826   0.07156 -0.329518
-0.168517 0.0562998 -0.335691
-0.168123 0.0399337 -0.341269
-0.167621 0.0224908 -0.346146
 -0.166987 0.00401337  -0.350212
 -0.166193 -0.0154496  -0.353368
 -0.165207 -0.0358343  -0.355513
-0.163994 -0.057068 -0.356555
 -0.162515 -0.0790641   -0.35641
-0.160729 -0.101724 -0.355002
-0.158594 -0.124937 -0.352266
-0.156067 -0.148583  -0.34815
-0.153104 -0.172533 -0.342617
-0.149665 -0.196649 -0.335644
-0.145711 -0.220791 -0.327224
-0.141208 -0.244811 -0.317365
-0.136126 -0.268564 -0.306095
 -0.13044 -0.291903 -0.293457
-0.124134 -0.314687 -0.279508
-0.117196 -0.336781 -0.264324
-0.109622 -0.358055 -0.247994
-0.101414 -0.378392  -0.23062
-0.0925836  -0.397687  -0.212314
-0.0831471  -0.415847    -0.1932
-0.0731281  -0.432795  -0.173406
-0.0625557  -0.448468  -0.153069
-0.0514644  -0.462821  -0.132326
-0.0398932  -0.475824  -0.111315
-0.0278846  -0.487462 -0.0901738
-0.0154839  -0.497737 -0.0690352
-0.00273795   -0.506666  -0.0480273
 0.0103052  -0.514277 -0.0272712
  0.0235975   -0.520612 -0.00687928
 0.037092 -0.525722 0.0130454
 0.050743  -0.52967 0.0324103
0.0645072 -0.532523 0.0511339
0.0783439 -0.534355  0.069146
0.0922161 -0.535244 0.0863878
 0.10609 -0.53527 0.102812
 0.119936 -0.534514  0.118382
 0.133729 -0.533058  0.133072
0.147446 -0.53098 0.146866
 0.161072 -0.528357  0.159757
0.174592 -0.52526 0.171746
 0.187997 -0.521758  0.182844
 0.201282 -0.517913  0.193065
 0.214444 -0.513783  0.202432
0.227484 -0.50942 0.210971
 0.240406 -0.504869  0.218714
 0.253214 -0.500169  0.225694
 0.265918 -0.495354   0.23195
 0.278527 -0.490452  0.237521
 0.291052 -0.485483  0.242447
 0.303505 -0.480466  0.246772
0.315899 -0.47541 0.250539
 0.328248 -0.470323  0.253789
 0.340565 -0.465205  0.256567
 0.352863 -0.460056  0.258915
 0.365157 -0.454868  0.260875
 0.377458 -0.449632  0.262488
 0.389779 -0.444335  0.263795
  0.40213 -0.438963  0.264835
 0.414523 -0.433496  0.265645
 0.426965 -0.427915  0.266262
 0.439466 -0.422198  0.266722
0.452031 -0.41632 0.267057
 0.464664 -0.410256  0.267299
0.477369 -0.40398  0.26748
 0.490147 -0.397464  0.267628
0.502998 -0.39068  0.26777
 0.515919 -0.383599  0.267931
0.528905 -0.37619 0.268134
  0.54195 -0.368425  0.268401
 0.555044 -0.360274   0.26875
 0.568177 -0.351705  0.269201
 0.581334 -0.342691  0.269767
  0.5945  -0.3332 0.270463
 0.607655 -0.323206  0.271298
 0.620779 -0.312679  0.272282
 0.633848 -0.301593   0.27342
 0.646836 -0.289923  0.274717
 0.659712 -0.277643  0.276174
 0.672446 -0.264733  0.277791
 0.685004 -0.251172  0.279565
 0.697347 -0.236943  0.281491
 0.709437 -0.222031  0.283561
 0.721233 -0.206426  0.285768
0.732692 -0.19012 0.288099
 0.743767 -0.173108  0.290541
 0.754414 -0.155391  0.293079
 0.764583 -0.136973  0.295697
 0.774228 -0.117863  0.298374
  0.783299 -0.0980754   0.301091
  0.791749 -0.0776286   0.303826
  0.799529 -0.0565468   0.306557
  0.806592 -0.0348596   0.309261
  0.812894 -0.0126016   0.311915
 0.818391 0.0101865  0.314494
 0.823043 0.0334591  0.316977
 0.826813 0.0571654  0.319341
 0.829667 0.0812495  0.321565
0.831577 0.105651  0.32363
0.832518 0.130304 0.325517
0.832472 0.155141 0.327212
0.831424 0.180088   0.3287
0.829369 0.205072 0.329972
0.826305 0.230014 0.331019
0.822238 0.254835 0.331836
0.817181 0.279455 0.332423
0.811154 0.303795 0.332781
0.804183 0.327776 0.332916
0.796302 0.351318 0.332836
0.787552 0.374347 0.332553
0.777979  0.39679 0.332082
0.767635 0.418576 0.331443
 0.75658 0.439642 0.330657
0.744876 0.459927 0.329747
0.732593 0.479375 0.328741
0.719802 0.497938 0.327668
0.706578 0.515571 0.326557
   0.693 0.532239 0.325442
0.679146  0.54791 0.324356
0.665099 0.562559 0.323334
0.650938 0.576167 0.322408
0.636744 0.588723 0.321616
0.622596 0.600219 0.320991
0.608573 0.610653 0.320567
0.594748 0.620028 0.320377
0.581194 0.628351 0.320454
 0.56798 0.635633 0.320828
0.555169 0.641887 0.321527
0.542822 0.647129 0.322578
0.530994 0.651375 0.324006
0.519736 0.654645 0.325833
0.509093 0.656957 0.328077
0.499106 0.658328 0.330755
0.489809 0.658777  0.33388
0.481232 0.658318 0.337462
  0.4734 0.656968 0.341505
0.466333 0.654737 0.346012
0.460045 0.651635 0.350979
0.454547  0.64767 0.356399
0.449845 0.642846 0.362261
0.445938 0.637166 0.368547
0.442826 0.630629 0.375235
0.440501 0.623234 0.382296
0.438954 0.614976 0.389697
 0.43817  0.60585 0.397399
0.438134  0.59585 0.405356
0.438826 0.584971 0.413516
0.440224 0.573207 0.421824
0.442305 0.560554 0.430215
0.445041  0.54701 0.438622
0.448405 0.532578 0.446971
0.452366 0.517263 0.455183
0.456891 0.501074 0.463177
0.461949 0.484029 0.470868
0.467503 0.466148 0.478165
0.473519 0.447463 0.484981
0.479959  0.42801 0.491223
0.486786 0.407835 0.496803
 0.49396 0.386992 0.501631
0.501444 0.365543 0.505622
0.509197 0.343559 0.508696
 0.51718 0.321121 0.510776
0.525352 0.298315 0.511793
0.533674 0.275239 0.511688
0.542106 0.251993  0.51041
0.550609 0.228685 0.507917
0.559144 0.205427 0.504182
0.567673 0.182336 0.499186
 0.57616 0.159527 0.492926
0.584567 0.137119 0.485412
0.592861 0.115227 0.476664
 0.601009 0.0939641   0.46672
 0.608979 0.0734387  0.455628
 0.616742 0.0537524  0.443448
 0.624271 0.0349993  0.430254
 0.631541 0.0172641  0.416128
   0.638529 0.000620993    0.401161
  0.645214 -0.0148672   0.385455
  0.651579 -0.0291499   0.369115
  0.657609 -0.0421899   0.352252
  0.663292 -0.0539628   0.334981
 0.668617 -0.064458  0.317416
  0.673577 -0.0736779   0.299672
  0.678169 -0.0816379   0.281863
 0.682391 -0.088366  0.264097
  0.686243 -0.0939014   0.246479
  0.689728 -0.0982941   0.229108
 0.692852 -0.101604  0.212075
 0.695623 -0.103898  0.195463
 0.698049 -0.105251  0.179347
 0.700144 -0.105745  0.163793
 0.701918 -0.105464  0.148857
 0.703387 -0.104495  0.134586
0.704566 -0.10293 0.121019
 0.705472 -0.100859  0.108183
   0.70612 -0.0983713   0.096101
  0.706529 -0.0955562  0.0847849
  0.706715 -0.0924998   0.074241
  0.706697 -0.0892853   0.064469
   0.70649 -0.0859923  0.0554635
  0.706113 -0.0826958  0.0472142
  0.705579 -0.0794663  0.0397075
 0.704905 -0.076369 0.0329268
  0.704103 -0.0734642   0.026854
  0.703187 -0.0708064  0.0214697
  0.702166 -0.0684447  0.0167545
   0.70105 -0.0664228  0.0126895
  0.699846 -0.0647786 0.00925703
  0.698561 -0.0635445 0.00644119
  0.697196 -0.0627475 0.00422851
  0.695755  -0.062409 0.00260826
  0.694237 -0.0625451 0.00157288
  0.692638 -0.0631663 0.00111817
  0.690955 -0.0642779  0.0012435
   0.68918 -0.0658794 0.00195187
  0.687304 -0.0679653 0.00324984
  0.685315  -0.070524 0.00514746
  0.683202 -0.0735387 0.00765797
  0.680948 -0.0769866  0.0107976
 0.678537 -0.080839 0.0145849
   0.67595 -0.0850613  0.0190406
  0.673166 -0.0896127  0.0241866
  0.670165 -0.0944463  0.0300454
  0.666922 -0.0995093  0.0366396
 0.663415 -0.104743 0.0439903
 0.659618 -0.110081 0.0521168
 0.655508 -0.115455 0.0610354
 0.651058 -0.120787 0.0707584
 0.646245 -0.125999  0.081293
 0.641043 -0.131005 0.0926403
 0.635429 -0.135717  0.104795
 0.629382 -0.140047  0.117743
 0.622879 -0.143902  0.131463
 0.615901 -0.147192  0.145924
 0.608432 -0.149826  0.161087
 0.600457 -0.151717  0.176901
 0.591962 -0.152781  0.193307
0.582938 -0.15294 0.210237
 0.573379 -0.152121  0.227614
 0.563281 -0.150262  0.245352
 0.552642 -0.147308  0.263359
 0.541467 -0.143213  0.281535
 0.529761 -0.137945  0.299776
 0.517533 -0.131482  0.317975
 0.504796 -0.123816  0.336023
 0.491566 -0.114949  0.353809
 0.477861 -0.104898  0.371225
  0.463702 -0.0936913   0.388165
  0.449113 -0.0813692   0.404526
   0.43412 -0.0679831   0.420214
  0.418751 -0.0535946   0.435139
  0.403036 -0.0382744   0.449221
  0.387005 -0.0221012   0.462388
   0.370691 -0.00516014    0.474579
 0.354127 0.0124584  0.485741
 0.337346 0.0306602  0.495834
 0.320382 0.0493488  0.504829
  0.30327 0.0684266  0.512706
 0.286045 0.0877961  0.519455
 0.26874 0.107361 0.525079
 0.25139 0.127029 0.529586
 0.23403 0.146708 0.532999
0.216695 0.166313 0.535343
0.199419 0.185762 0.536654
0.182237 0.204981 0.536976
0.165184   0.2239 0.536356
0.148298 0.242456  0.53485
0.131614 0.260592 0.532517
 0.11517  0.27826 0.529422
0.0990043  0.295418  0.525632
0.0831567  0.312032  0.521218
0.0676678  0.328075  0.516256
0.0525795  0.343527  0.510822
0.037935 0.358376 0.504995
0.0237783  0.372617  0.498856
0.010155 0.386252 0.492486
-0.0028885   0.399288   0.485969
-0.015305  0.411739  0.479389
-0.0270464   0.423623   0.472829
-0.0380639   0.434963   0.466374
-0.0483086   0.445785   0.460109
-0.0577312   0.456116   0.454118
-0.0662824   0.465986   0.448486
-0.0739131   0.475423   0.443295
-0.0805747   0.484454    0.43863
-0.0862191   0.493102   0.434572
-0.0907992   0.501387   0.431202
-0.0942688   0.509322   0.428598
-0.0965832   0.516912   0.426839
-0.0976992   0.524153   0.425997
-0.0975754   0.531032   0.426143
-0.0961726   0.537523   0.427343
-0.0934539   0.543588   0.429655
-0.0893855   0.549176   0.433133
-0.0839366   0.554223   0.437819
-0.0770801   0.558649   0.443746
-0.0687931   0.562363   0.450935
-0.0590572   0.565259   0.459391
-0.0478593   0.567219   0.469105
-0.0351919   0.568116   0.480047
-0.0210538   0.567814    0.49217
-0.00545066     0.56617    0.505403
0.0116047  0.563039  0.519651
0.0300914  0.558276  0.534798
0.0499808  0.551739    0.5507
0.0712347  0.543295   0.56719
0.0938067  0.532823  0.584074
0.117642 0.520217 0.601137
0.142674 0.505395 0.618142
0.168831 0.488295 0.634832
0.196029 0.468887 0.650935
0.224177 0.447171 0.666166
0.253178 0.423183 0.680234
0.282923 0.396994 0.692844
0.313299 0.368715 0.703706
0.344189 0.338492 0.712537
0.375467 0.306511 0.719068
0.407008 0.272993  0.72305
0.438676 0.238197 0.724262
0.470341 0.202408 0.722509
0.501868  0.16594 0.717638
0.533129 0.129117 0.709527
 0.563994 0.0922948  0.698097
 0.594337 0.0558244  0.683313
0.624027 0.020077 0.665193
 0.652949 -0.014602  0.643787
  0.680986 -0.0478535     0.6192
  0.708036 -0.0793551   0.591566
 0.733995 -0.108793   0.56107
 0.758766 -0.135882  0.527932
 0.782264 -0.160373  0.492396
 0.804408 -0.182046  0.454741
 0.825128 -0.200726  0.415263
 0.844363 -0.216273  0.374273
0.862059 -0.22859 0.332094
 0.878172 -0.237622  0.289055
 0.892665 -0.243355  0.245486
  0.90551 -0.245818  0.201703
 0.916689 -0.245077   0.15802
 0.926193 -0.241235  0.114731
 0.934019 -0.234425 0.0721113
 0.940176 -0.224811 0.0304168
  0.944683  -0.212582 -0.0101224
  0.947563  -0.197949 -0.0493051
   0.94885  -0.181137 -0.0869564
 0.948587 -0.162388  -0.12293
 0.946825 -0.141947 -0.157109
 0.943623 -0.120067 -0.189405
  0.939041 -0.0969947  -0.219765
  0.933149 -0.0729794  -0.248159
  0.926021 -0.0482566  -0.274581
  0.917738 -0.0230546  -0.299049
  0.908383 0.00241179  -0.321597
 0.898045 0.0279443 -0.342282
 0.886812 0.0533626 -0.361171
 0.874773  0.078505 -0.378343
 0.862017  0.103228 -0.393882
 0.848635  0.127408 -0.407878
 0.834713  0.150934 -0.420425
 0.820339  0.173718 -0.431625
 0.805596  0.195683 -0.441579
 0.790567  0.216773 -0.450391
  0.77533  0.236943 -0.458162
  0.75996  0.256167 -0.464991
 0.744528  0.274428 -0.470971
 0.729102  0.291725 -0.476189
 0.713747  0.308065 -0.480729
 0.698524  0.323465 -0.484666
 0.683491  0.337951 -0.488068
 0.668703  0.351555 -0.490996
 0.654213  0.364314 -0.493508
 0.640071  0.376269 -0.495651
 0.626327  0.387467 -0.497469
0.613028 0.397955   -0.499
 0.600219   0.40778 -0.500278
0.587946 0.416993 -0.50133
 0.576252   0.42564 -0.502183
 0.565181  0.433771 -0.502857
 0.554775  0.441429 -0.503372
 0.545076  0.448658 -0.503745
 0.536126  0.455496 -0.503991
 0.527964  0.461978 -0.504124
  0.52063  0.468136 -0.504155
 0.514162  0.473994 -0.504098
 0.508595  0.479574 -0.503964
 0.503963  0.484889 -0.503763
 0.500296  0.489949 -0.503506
 0.497622  0.494756 -0.503204
 0.495963  0.499307 -0.502866
 0.495338  0.503591 -0.502503
 0.495758  0.507593 -0.502123
 0.497229  0.511291 -0.501736
0.499751  0.51466 -0.50135
 0.503315  0.517669 -0.500972
0.507905 0.520284 -0.50061
0.513495 0.522467 -0.50027
 0.520052  0.524179 -0.499959
 0.527532   0.52538 -0.499682
 0.535884  0.526032 -0.499445
 0.545047  0.526095 -0.499253
  0.55495  0.525536 -0.499113
0.565517 0.524322 -0.49903
 0.576662  0.522427 -0.499013
 0.588293   0.51983 -0.499068
 0.600314  0.516519 -0.499208
 0.612622  0.512487 -0.499443
 0.625112  0.507737 -0.499787
 0.637679   0.50228 -0.500255
 0.650214  0.496136 -0.500866
 0.662612  0.489333 -0.501638
 0.674768  0.481908 -0.502592
 0.686583  0.473907 -0.503752
0.697959 0.465381 -0.50514
0.708808  0.45639 -0.50678
 0.719046  0.446997 -0.508696
 0.728598  0.437271 -0.510911
 0.737394  0.427284 -0.513448
 0.745375  0.417106 -0.516326
 0.752488  0.406813 -0.519564
 0.758689  0.396476 -0.523178
  0.76394  0.386164 -0.527179
 0.768211  0.375944 -0.531577
 0.771477  0.365877 -0.536378
 0.773719  0.356021 -0.541585
 0.774919  0.346425 -0.547197
 0.775066  0.337137 -0.553208
 0.774148  0.328193 -0.559611
 0.772153  0.319628 -0.566394
 0.769073  0.311469 -0.573542
 0.764895  0.303739 -0.581035
 0.759606  0.296455 -0.588851
 0.753194  0.289633 -0.596961
 0.745643  0.283285 -0.605332
 0.736939   0.27742 -0.613923
0.727068 0.272043 -0.62269
 0.716019   0.26716 -0.631577
 0.703785   0.26277 -0.640525
 0.690361   0.25887 -0.649466
 0.675749  0.255451 -0.658326
 0.659956  0.252503 -0.667026
 0.642995  0.250009 -0.675483
0.624886 0.247948 -0.68361
 0.605657  0.246295 -0.691315
 0.585347  0.245021 -0.698508
 0.564004  0.244094 -0.705094
 0.541688  0.243476 -0.710982
 0.518471  0.243125 -0.716082
 0.494439  0.242995 -0.720309
 0.469689  0.243037 -0.723586
 0.444332  0.243196 -0.725844
 0.418489  0.243415 -0.727026
 0.392289  0.243635 -0.727086
 0.365871  0.243798 -0.725995
 0.336762  0.248236 -0.722759
 0.303326  0.263017 -0.715313
 0.274012  0.275895 -0.706561
 0.248464  0.287183 -0.697066
0.226269 0.297222 -0.68723
 0.207025    0.3063 -0.677336
 0.190353  0.314649 -0.667581
 0.175904   0.32245 -0.658095
 0.163363  0.329836 -0.648962
 0.152449    0.3369 -0.640231
 0.142912  0.343697 -0.631931
 0.134535  0.350257 -0.624076
 0.127129  0.356583 -0.616672
 0.120529  0.362657 -0.609721
  0.11459  0.368449 -0.603225
 0.109188  0.373913 -0.597187
 0.104211  0.378995 -0.591612
 0.099562  0.383633 -0.586508
0.0951544  0.387759 -0.581884
0.0909106  0.391305 -0.577751
0.0867599  0.394194 -0.574123
0.0826384  0.396352 -0.571011
0.0784869  0.397703 -0.568426
0.0742489  0.398171 -0.566372
0.0698691  0.397678 -0.564851
0.0652909  0.396141 -0.563858
0.0604559   0.39347 -0.563378
0.0553036   0.38957 -0.563388
0.0497785  0.384333 -0.563852
0.0438344  0.377652 -0.564724
0.0374448  0.369417 -0.565943
0.0306025  0.359522 -0.567433
0.0233252  0.347876 -0.569098
0.0156556  0.334401 -0.570821
0.00766032    0.31904  -0.572469
-0.000571637     0.301763    -0.573886
-0.00893197    0.282569   -0.574901
-0.0172962   0.261493  -0.575329
-0.0255278   0.238605  -0.574977
-0.0334823   0.214016   -0.57365
-0.0410123    0.18788  -0.571161
-0.0479725   0.160388   -0.56733
-0.0542243    0.13177  -0.562003
-0.0596408   0.102291   -0.55505
-0.0641108  0.0722418  -0.546376
-0.0675427  0.0419322  -0.535927
-0.069867 0.0116831 -0.523691
-0.0710379 -0.0181848  -0.509701
-0.0710343 -0.0473604  -0.494034
-0.0698594 -0.0755523  -0.476811
-0.067539 -0.102498 -0.458191
-0.0641197   -0.12797  -0.438365
-0.0596658  -0.151784   -0.41755
-0.054256 -0.173802  -0.39598
-0.0479796  -0.193931  -0.373898
-0.0409326   -0.21213   -0.35155
-0.0332141  -0.228399  -0.329174
-0.024923 -0.242782 -0.306996
-0.0161547   -0.25536  -0.285224
-0.00699839   -0.266244   -0.264042
0.00246481  -0.275569  -0.243612
0.0121637  -0.28349 -0.224066
0.0220381 -0.290175 -0.205511
0.0320394 -0.295794 -0.188027
 0.042131 -0.300521  -0.17167
0.0522882 -0.304526 -0.156474
0.0624978  -0.30797 -0.142451
0.0727574 -0.311004 -0.129598
0.0830751 -0.313764 -0.117898
 0.093468 -0.316374 -0.107322
 0.103962  -0.31894 -0.097833
   0.11459   -0.32155 -0.0893871
   0.12539  -0.324277 -0.0819363
 0.136408 -0.327175  -0.07543
  0.147691  -0.330283 -0.0698162
   0.15929  -0.333622 -0.0650425
  0.171257  -0.337198 -0.0610565
  0.183645  -0.341002 -0.0578067
  0.196504  -0.345012 -0.0552421
  0.209884   -0.34919 -0.0533125
   0.22383  -0.353489 -0.0519682
  0.238382  -0.357849 -0.0511595
  0.253574  -0.362202 -0.0508368
  0.269431  -0.366472 -0.0509499
  0.285972  -0.370575 -0.0514475
  0.303204  -0.374422 -0.0522775
 0.321124 -0.377923 -0.053386
  0.339717  -0.380983 -0.0547179
  0.358958  -0.383512 -0.0562164
 0.378807  -0.38542 -0.057823
  0.399215  -0.386622 -0.0594781
 0.420117 -0.387039 -0.061121
   0.44144  -0.386603 -0.0626901
  0.463101  -0.385255 -0.0641238
  0.485005  -0.382947 -0.0653606
  0.507052  -0.379648 -0.0663394
  0.529136  -0.375338 -0.0670005
  0.551147  -0.370012 -0.0672855
  0.572975  -0.363683 -0.0671379
   0.59451  -0.356377 -0.0665032
 0.615645 -0.348133 -0.065329
   0.63628  -0.339007 -0.0635651
   0.65632  -0.329062 -0.0611636
   0.67568  -0.318372 -0.0580782
  0.694287   -0.30702 -0.0542655
  0.712076  -0.295089 -0.0496833
  0.728993  -0.282668 -0.0442921
  0.744997  -0.269843 -0.0380547
  0.760055  -0.256696 -0.0309368
  0.774144  -0.243303 -0.0229076
  0.787245  -0.229734 -0.0139403
   0.799348   -0.216049 -0.00401287
  0.810445  -0.202298 0.00689052
 0.820527 -0.188523 0.0187788
 0.829588 -0.174754 0.0316527
  0.83762 -0.161014 0.0455043
 0.844608 -0.147321 0.0603126
 0.850538 -0.133687 0.0760473
 0.855391  -0.12012 0.0926666
 0.859147 -0.106629  0.110115
  0.861782 -0.0932274   0.128323
  0.863272 -0.0799289   0.147211
  0.863598 -0.0667551   0.166688
   0.86274 -0.0537353   0.186649
  0.860688 -0.0409062   0.206985
  0.857439 -0.0283128   0.227578
     0.853 -0.0160093   0.248302
   0.847391 -0.00405491    0.269033
  0.840645 0.00748256   0.289645
 0.832808 0.0185318  0.310013
  0.82394 0.0290187  0.330018
 0.814115 0.0388699  0.349545
 0.803426 0.0480104  0.368484
 0.791971 0.0563699  0.386736
0.779861 0.063883 0.404214
 0.767215 0.0704893  0.420837
 0.754162 0.0761347  0.436537
  0.74083 0.0807723  0.451254
 0.727351 0.0843622  0.464942
 0.713857 0.0868723  0.477563
 0.700474 0.0882781  0.489086
 0.687326 0.0885631  0.499491
 0.674527 0.0877183  0.508765
 0.662187 0.0857423  0.516898
 0.650403 0.0826412  0.523886
 0.639264 0.0784279  0.529727
 0.628847 0.0731224   0.53442
 0.619221 0.0667511  0.537967
  0.61044 0.0593466  0.540365
  0.60255 0.0509474  0.541612
 0.595587 0.0415979  0.541704
 0.589573 0.0313484  0.540632
 0.584524 0.0202547  0.538387
  0.580444 0.00837877   0.534955
   0.577328 -0.00421162     0.53032
  0.575162 -0.0174425   0.524462
  0.573925 -0.0312334   0.517361
  0.573586 -0.0454973   0.508997
   0.57411 -0.0601408   0.499348
  0.575451 -0.0750635   0.488395
  0.577559 -0.0901584    0.47612
  0.58038 -0.105313  0.462511
 0.583852 -0.120407  0.447561
  0.58791 -0.135318  0.431271
 0.592486 -0.149917   0.41365
 0.597508 -0.164074  0.394717
 0.602901 -0.177656  0.374504
 0.608591 -0.190532  0.353056
 0.614503 -0.202573  0.330429
  0.62056 -0.213655  0.306696
 0.626689 -0.223659  0.281943
 0.632819 -0.232478  0.256271
  0.63888 -0.240014  0.229792
  0.64481 -0.246185  0.202633
 0.650547 -0.250923   0.17493
 0.656038 -0.254178  0.146828
0.661236 -0.25592 0.118481
   0.6661 -0.256137 0.0900453
 0.670598 -0.254839 0.0616782
 0.674706 -0.252057 0.0335375
  0.678407  -0.247839 0.00577692
  0.681697  -0.242255 -0.0214558
  0.684578  -0.235389 -0.0480209
  0.687062  -0.227342 -0.0737881
   0.68917  -0.218227 -0.0986389
 0.690932 -0.208172 -0.122468
 0.692383 -0.197314 -0.145184
 0.693567 -0.185798 -0.166713
  0.69453 -0.173775 -0.186994
 0.695326   -0.1614 -0.205984
 0.696012 -0.148826 -0.223652
 0.696646 -0.136206 -0.239981
 0.697291  -0.12369 -0.254966
 0.698009 -0.111419 -0.268611
  0.698862 -0.0995287  -0.280929
 0.699913 -0.088147 -0.291938
  0.701219 -0.0773913  -0.301661
  0.702837 -0.0673695  -0.310122
  0.704818 -0.0581788  -0.317344
   0.70721 -0.0499056   -0.32335
 0.710051 -0.042625 -0.328158
  0.713375 -0.0364007  -0.331781
  0.717208 -0.0312847  -0.334228
  0.721566 -0.0273171  -0.335496
  0.726456 -0.0245255  -0.335579
  0.731878 -0.0229251  -0.334459
  0.737817 -0.0225176  -0.332111
  0.744253 -0.0232912  -0.328502
   0.75115 -0.0252194  -0.323591
  0.758466 -0.0282607  -0.317332
  0.766145 -0.0323576  -0.309671
  0.774122 -0.0374364  -0.300554
  0.782322 -0.0434063  -0.289924
  0.790662 -0.0501593  -0.277726
  0.799048 -0.0575701  -0.263908
  0.807381 -0.0654966  -0.248427
  0.815554 -0.0737808  -0.231247
  0.823456 -0.0822497  -0.212349
  0.830975 -0.0907174  -0.191726
  0.837994 -0.0989874  -0.169393
 0.844398 -0.106856 -0.145385
 0.850076 -0.114114 -0.119762
  0.854918  -0.120553 -0.0926093
  0.858823   -0.12597 -0.0640366
  0.861696  -0.130168 -0.0341814
   0.863454   -0.132964 -0.00320608
 0.864024 -0.134194 0.0287031
 0.863348 -0.133715 0.0613386
 0.861379 -0.131408 0.0944751
 0.858089 -0.127183  0.127873
 0.853465 -0.120977  0.161285
 0.847511 -0.112761  0.194455
 0.840247 -0.102538  0.227131
  0.831708 -0.0903446   0.259064
  0.821947 -0.0762528   0.290016
  0.811029 -0.0603659   0.319764
  0.799034 -0.0428168   0.348108
  0.786054 -0.0237635    0.37487
   0.772192 -0.00338502    0.399903
0.757559 0.018124 0.423087
 0.742276 0.0405579  0.444337
 0.726467 0.0637057  0.463598
 0.710264 0.0873554  0.480848
0.693798 0.111299 0.496093
0.677205 0.135337  0.50937
0.660616 0.159281 0.520741
0.644165 0.182957  0.53029
 0.62798 0.206209 0.538119
0.612185 0.228898 0.544347
0.596901 0.250905 0.549105
0.582242 0.272129 0.552529
0.568317 0.292491 0.554762
0.555228 0.311925 0.555948
0.543069 0.330387 0.556227
 0.53193 0.347843 0.555737
0.521892 0.364275 0.554607
 0.51303 0.379675 0.552957
0.505413 0.394044 0.550898
0.499102 0.407388  0.54853
0.494153 0.419718 0.545936
0.490616 0.431049  0.54319
0.488533 0.441396  0.54035
0.487941 0.450773  0.53746
0.488871 0.459191 0.534547
0.491346 0.466661 0.531627
0.495384 0.473188 0.528698
0.500993 0.478775 0.525744
0.508174 0.483421 0.522736
 0.51692 0.487121 0.519627
0.527214 0.489869  0.51636
0.539028 0.491655 0.512861
0.552322 0.492472 0.509044
0.567044 0.492312 0.504813
0.583131 0.491168 0.500059
0.600501 0.489042 0.494664
0.619063 0.485939 0.488503
0.638706 0.481873 0.481445
0.659306 0.476867 0.473356
0.680722 0.470958 0.464103
  0.7028 0.464193 0.453556
0.725369 0.456633  0.44159
0.748248 0.448354 0.428092
0.771242 0.439444  0.41296
0.794147 0.430006 0.396114
0.816753 0.420153  0.37749
0.838848  0.41001  0.35705
0.860215 0.399708 0.334783
0.880643 0.389384 0.310705
0.899928 0.379174 0.284864
0.917876 0.369216 0.257335
0.934307 0.359639 0.228225
0.949059 0.350563 0.197668
0.961993 0.342097 0.165825
0.972991 0.334332 0.132879
 0.981964  0.327343 0.0990311
 0.988849  0.321185 0.0644979
 0.993612  0.315896 0.0295047
    0.99625    0.311495 -0.00571896
  0.996789   0.307984 -0.0409436
  0.995285   0.305347 -0.0759451
 0.991822  0.303545 -0.110509
 0.986509  0.302518 -0.144434
 0.979477  0.302189 -0.177537
 0.970876  0.302466 -0.209654
 0.960875  0.303249 -0.240646
 0.949651  0.304428 -0.270394
 0.937392  0.305893 -0.298806
  0.92429  0.307532 -0.325813
 0.910541  0.309238 -0.351368
 0.896335  0.310909 -0.375445
 0.881861  0.312446 -0.398039
0.867301 0.313763 -0.41916
 0.852827  0.314779 -0.438834
 0.838602  0.315424 -0.457095
 0.824776   0.31564 -0.473987
 0.811485  0.315376 -0.489565
 0.798853  0.314593 -0.503882
 0.786991  0.313257 -0.516998
 0.775991  0.311347 -0.528972
0.765934 0.308846 -0.53986
 0.756887  0.305749 -0.549717
 0.748907  0.302056 -0.558587
 0.742035  0.297771 -0.566517
 0.736299  0.292903 -0.573546
 0.731714  0.287469 -0.579708
 0.728286  0.281491 -0.585029
 0.726013  0.274994 -0.589529
 0.724879  0.268007 -0.593223
 0.724864  0.260562 -0.596121
0.725934 0.252695 -0.59823
 0.728049  0.244446 -0.599554
 0.731162  0.235856 -0.600094
 0.735218  0.226969 -0.599849
0.740159 0.217831 -0.59882
 0.745917  0.208488 -0.597007
 0.752423  0.198987 -0.594412
 0.759601  0.189375 -0.591043
 0.767375  0.179696 -0.586909
 0.775664  0.169992 -0.582025
 0.784384  0.160304 -0.576411
 0.793453  0.150667 -0.570095
0.802785 0.141111 -0.56311
 0.812296  0.131661 -0.555495
0.821902 0.122334  -0.5473
  0.83152  0.113141 -0.538579
 0.841069  0.104087 -0.529395
 0.850469 0.0951664 -0.519818
 0.859643 0.0863681 -0.509926
 0.868513 0.0776738 -0.499805
 0.877008  0.069059 -0.489547
 0.885056 0.0604942 -0.479253
 0.892588 0.0519464  -0.46903
 0.899539 0.0433811 -0.458992
 0.905842 0.0347638 -0.449259
 0.911438  0.026063 -0.439958
 0.916266 0.0172525  -0.43122
  0.920267 0.00831375  -0.423179
   0.923388 -0.00076115   -0.415971
   0.925574 -0.00996725   -0.409732
  0.926776 -0.0192845  -0.404596
  0.926943 -0.0286757   -0.40069
  0.926032 -0.0380859  -0.398132
  0.923999 -0.0474405   -0.39703
  0.920805 -0.0566465  -0.397472
  0.916413 -0.0655965  -0.399532
  0.910791 -0.0741626  -0.403258
   0.90391 -0.0822059  -0.408671
  0.895749 -0.0895775  -0.415764
  0.886287 -0.0961233  -0.424502
 0.875512 -0.101689 -0.434817
 0.863418 -0.106121 -0.446607
 0.850005 -0.109278 -0.459745
  0.83528 -0.111033  -0.47407
 0.819259 -0.111275 -0.489399
 0.801964 -0.109917 -0.505524
 0.783428 -0.106899  -0.52222
 0.763694 -0.102188  -0.53925
  0.742814 -0.0957816  -0.556368
   0.72085 -0.0877105  -0.573327
  0.697875 -0.0780349  -0.589884
  0.673974 -0.0668454  -0.605804
  0.649242 -0.0542606  -0.620869
  0.623783 -0.0404244  -0.634878
  0.597714 -0.0255022  -0.647656
   0.571158 -0.00967686   -0.659054
  0.544248 0.00685621  -0.668957
 0.517123 0.0238939  -0.67728
 0.489926 0.0412306 -0.683971
 0.462802  0.058664 -0.689015
   0.4359 0.0759995  -0.69243
 0.409363 0.0930555 -0.694262
 0.383332  0.109668 -0.694588
 0.357941  0.125692 -0.693512
 0.333314  0.141009 -0.691156
0.309567 0.155524 -0.68766
   0.2868  0.169169 -0.683175
 0.265101  0.181902 -0.677859
 0.244543  0.193708 -0.671872
 0.225181  0.204595 -0.665372
 0.207058  0.214595 -0.658509
 0.190197  0.223757 -0.651426
 0.174608  0.232148 -0.644251
 0.160288  0.239845 -0.637097
 0.147216  0.246936 -0.630062
 0.135365  0.253513 -0.623228
 0.124691  0.259672 -0.616659
 0.115146  0.265505 -0.610402
 0.106673  0.271103 -0.604492
 0.099207  0.276549 -0.598947
