dataEE_xyz
  1.01201 0.0488824 0.0435331
 0.991229 0.0153437  0.149159
  0.956491 -0.0203738   0.234072
  0.914902 -0.0544692   0.299857
  0.871607 -0.0845829   0.349613
 0.830012 -0.109507  0.386799
 0.792179 -0.128839  0.414612
 0.759224 -0.142666  0.435712
0.731627 -0.15133 0.452165
 0.709475 -0.155273  0.465478
 0.692619 -0.154944   0.47668
 0.680792 -0.150758  0.486407
 0.673669 -0.143083  0.494991
 0.670915 -0.132244  0.502531
 0.672191 -0.118541  0.508948
0.677169 -0.10227 0.514039
 0.685519 -0.083735   0.51751
  0.696917 -0.0632722   0.519016
  0.711027 -0.0412579   0.518191
 0.727508 -0.018117  0.514672
  0.746005 0.00567464   0.508135
0.766147 0.029594  0.49831
 0.787547 0.0530795  0.485005
 0.809806 0.0755448  0.468127
 0.832514 0.0963959  0.447688
0.855254 0.115052 0.423817
0.877615 0.130968 0.396761
0.899196 0.143655 0.366882
0.919617 0.152704 0.334644
0.938531 0.157801   0.3006
0.955635 0.158743 0.265367
0.970676 0.155446 0.229604
0.983463 0.147956 0.193972
0.993869 0.136442   0.1591
 1.00182 0.121204  0.12554
  1.00731  0.102662 0.0937216
  1.01034 0.0813275 0.0639397
  1.01095 0.0577545 0.0363813
  1.00919 0.0324688 0.0112034
   1.00516 0.00593158 -0.0114133
  0.998999 -0.0214549 -0.0312744
  0.990896 -0.0493264 -0.0482139
  0.981074 -0.0773452 -0.0621289
  0.969771  -0.105196 -0.0729924
  0.957227  -0.132592 -0.0808528
  0.943676  -0.159274 -0.0858233
  0.929334  -0.185018 -0.0880708
  0.914402  -0.209631 -0.0878032
  0.899063  -0.232957 -0.0852587
  0.883476   -0.25487 -0.0806961
  0.867788  -0.275279 -0.0743852
  0.852125  -0.294123 -0.0665997
  0.836601  -0.311371 -0.0576112
  0.821313  -0.327019 -0.0476813
   0.80635  -0.341089 -0.0370599
  0.791785  -0.353624 -0.0259792
  0.777685  -0.364687 -0.0146528
  0.764105  -0.374354 -0.0032734
   0.75109  -0.382714 0.00798751
  0.73868 -0.389863 0.0189802
 0.726904 -0.395902  0.029576
 0.715786 -0.400935 0.0396662
 0.705343 -0.405064 0.0491608
 0.695585 -0.408392 0.0579873
 0.686519 -0.411013  0.066088
 0.678143 -0.413019 0.0734209
 0.670455 -0.414494 0.0799555
 0.663446 -0.415517  0.085672
 0.657106 -0.416155 0.0905593
 0.651421 -0.416472 0.0946165
 0.646374 -0.416522 0.0978472
 0.641946 -0.416351  0.100262
 0.638118 -0.415999  0.101875
 0.634868 -0.415498  0.102705
 0.632174 -0.414875  0.102775
 0.630013 -0.414149   0.10211
  0.62836 -0.413336  0.100735
 0.627192 -0.412446 0.0986811
 0.626485 -0.411484 0.0959769
 0.626216 -0.410453 0.0926538
 0.626362 -0.409352 0.0887439
 0.626899 -0.408176 0.0842796
 0.627806  -0.40692 0.0792941
 0.629061 -0.405577 0.0738205
 0.630643 -0.404137 0.0678925
 0.632534  -0.40259 0.0615434
 0.634715 -0.400926 0.0548069
 0.637167 -0.399133 0.0477164
 0.639873 -0.397201 0.0403051
 0.642818 -0.395117 0.0326057
 0.645987 -0.392873 0.0246504
 0.649365 -0.390456  0.016472
  0.652937   -0.38786 0.00810016
   0.656695   -0.385072 -0.00042725
   0.660622   -0.382088 -0.00908441
  0.664708    -0.3789 -0.0178389
  0.668941  -0.375504 -0.0266612
  0.673307  -0.371896 -0.0355269
  0.677798  -0.368075 -0.0444043
  0.682402  -0.364039 -0.0532668
  0.687107   -0.35979 -0.0620889
  0.691902   -0.35533 -0.0708451
  0.696776  -0.350664 -0.0795127
  0.701716  -0.345798 -0.0880695
  0.706711   -0.34074 -0.0964953
 0.711748 -0.335499 -0.104771
 0.716814 -0.330086 -0.112881
 0.721898 -0.324514  -0.12081
 0.726984 -0.318796 -0.128544
 0.732061 -0.312949 -0.136075
 0.737114 -0.306988 -0.143392
 0.742131  -0.30093 -0.150492
 0.747097 -0.294794 -0.157369
    0.752 -0.288598 -0.164022
 0.756825  -0.28236 -0.170454
 0.761561 -0.276101 -0.176665
 0.766195 -0.269838 -0.182663
 0.770715 -0.263592 -0.188454
  0.77511 -0.257379 -0.194047
 0.779368 -0.251217 -0.199453
  0.78348 -0.245123 -0.204684
 0.787436 -0.239114 -0.209753
 0.791228 -0.233202 -0.214674
 0.794847 -0.227402 -0.219463
 0.798288 -0.221726 -0.224134
 0.801543 -0.216183 -0.228705
 0.804608 -0.210785 -0.233189
 0.807477 -0.205537 -0.237605
 0.810146 -0.200448 -0.241965
 0.812611 -0.195522 -0.246288
 0.814872 -0.190762 -0.250584
 0.816926 -0.186173 -0.254868
 0.818771 -0.181754 -0.259152
 0.820406 -0.177506 -0.263447
 0.821831 -0.173429 -0.267764
 0.823048 -0.169521 -0.272112
 0.824056 -0.165779 -0.276497
 0.824857   -0.1622 -0.280926
 0.825453  -0.15878 -0.285405
 0.825847 -0.155514 -0.289937
  0.82604 -0.152396 -0.294524
 0.826038 -0.149422 -0.299168
 0.825843 -0.146583 -0.303868
 0.825461 -0.143873 -0.308623
 0.824895 -0.141285 -0.313432
 0.824152  -0.13881 -0.318291
 0.823237 -0.136441 -0.323196
 0.822158 -0.134167 -0.328142
  0.82092 -0.131981 -0.333123
 0.819533 -0.129872 -0.338132
 0.818003  -0.12783 -0.343164
 0.816341 -0.125844 -0.348209
 0.814555 -0.123904 -0.353261
 0.812655 -0.121998  -0.35831
 0.810653 -0.120114 -0.363348
 0.808559 -0.118241 -0.368366
 0.806385 -0.116366 -0.373356
 0.804144 -0.114476 -0.378307
 0.801847 -0.112559  -0.38321
 0.799509   -0.1106 -0.388057
 0.797143 -0.108587 -0.392837
 0.794762 -0.106506 -0.397543
 0.792381 -0.104343 -0.402165
 0.790014 -0.102089 -0.406691
  0.787675 -0.0997291  -0.411115
   0.78538 -0.0972498  -0.415427
  0.783141 -0.0946376  -0.419619
  0.780975 -0.0918821  -0.423681
  0.778895 -0.0889717  -0.427604
  0.776913 -0.0858962   -0.43138
  0.775045 -0.0826451  -0.435001
  0.773303 -0.0792094  -0.438456
  0.771699 -0.0755812  -0.441737
  0.770245 -0.0717534  -0.444835
  0.768953 -0.0677195   -0.44774
  0.767832 -0.0634757  -0.450442
  0.766893 -0.0590183  -0.452933
  0.766143 -0.0543452  -0.455203
 0.765591 -0.049456 -0.457241
  0.765242 -0.0443514  -0.459037
  0.765103 -0.0390341  -0.460583
  0.765177 -0.0335084  -0.461867
 0.765469  -0.02778 -0.462879
  0.765979 -0.0218565  -0.463609
   0.76671 -0.0157471  -0.464049
    0.76766 -0.00946286   -0.464187
   0.768829 -0.00301641   -0.464016
  0.770213 0.00357785  -0.463526
0.771809 0.010304 -0.46271
 0.773612 0.0171446  -0.46156
 0.775617 0.0240805 -0.460071
 0.777815 0.0310916 -0.458237
 0.780199  0.038156 -0.456055
 0.782761 0.0452513 -0.453523
 0.785489 0.0523537 -0.450638
 0.788374  0.059439 -0.447403
 0.791404 0.0664822 -0.443819
 0.794567 0.0734581 -0.439891
 0.797849 0.0803413 -0.435625
 0.801239 0.0871065  -0.43103
 0.804721 0.0937289 -0.426115
 0.808283  0.100184 -0.420894
0.811909 0.106449 -0.41538
0.815586 0.112501 -0.40959
 0.819299  0.118319 -0.403543
 0.823034  0.123884 -0.397258
 0.826777  0.129178 -0.390758
 0.830515  0.134186 -0.384065
 0.834233  0.138892 -0.377205
 0.837918  0.143287 -0.370204
  0.84156  0.147362 -0.363088
 0.845145  0.151108 -0.355886
 0.848663  0.154524 -0.348624
 0.852104  0.157605 -0.341334
 0.855457  0.160355 -0.334041
 0.858716  0.162775 -0.326776
 0.861872  0.164872 -0.319566
 0.864919  0.166653 -0.312438
 0.867851  0.168129 -0.305419
 0.870663  0.169312 -0.298534
 0.873352  0.170214 -0.291808
 0.875915  0.170853 -0.285263
  0.87835  0.171244 -0.278921
 0.880656  0.171406 -0.272802
 0.882832  0.171357 -0.266923
  0.88488  0.171118 -0.261301
   0.8868  0.170709 -0.255952
 0.888595  0.170149 -0.250887
 0.890267  0.169461 -0.246117
 0.891819  0.168665 -0.241653
 0.893253  0.167781 -0.237503
 0.894575  0.166828 -0.233671
 0.895788  0.165827 -0.230163
 0.896896  0.164794 -0.226981
 0.897903   0.16375 -0.224129
 0.898814  0.162708 -0.221606
 0.899633  0.161686 -0.219411
 0.900364  0.160697 -0.217544
 0.901012  0.159755 -0.216001
 0.901581   0.15887 -0.214779
 0.902074  0.158055 -0.213873
0.902495 0.157316 -0.21328
 0.902848  0.156663 -0.212993
 0.903135  0.156102 -0.213006
  0.90336  0.155637 -0.213313
 0.903526  0.155273 -0.213908
 0.903633  0.155012 -0.214783
0.903685 0.154855 -0.21593
 0.903683  0.154802 -0.217343
 0.903629  0.154851 -0.219012
 0.903523  0.155002 -0.220932
 0.903367  0.155251 -0.223091
 0.903163  0.155594 -0.225483
  0.90291  0.156027 -0.228099
0.902609 0.156542 -0.23093
 0.902262  0.157136 -0.233965
 0.901868    0.1578 -0.237197
 0.901429  0.158527 -0.240615
 0.900946   0.15931 -0.244209
 0.900418  0.160142 -0.247968
 0.899848  0.161014 -0.251883
 0.899236  0.161918 -0.255942
 0.898584  0.162846 -0.260133
 0.897894  0.163791 -0.264444
 0.897168  0.164744 -0.268864
 0.896409    0.1657 -0.273379
 0.895619  0.166651 -0.277977
 0.894801   0.16759 -0.282643
 0.893959  0.168513 -0.287363
 0.893097  0.169414 -0.292124
  0.89222  0.170289 -0.296911
 0.891333  0.171135 -0.301708
0.89044 0.17195 -0.3065
 0.889548   0.17273 -0.311272
 0.888663  0.173476 -0.316007
0.887791 0.174188 -0.32069
 0.886939  0.174866 -0.325305
 0.886114  0.175511 -0.329836
 0.885325  0.176127 -0.334267
 0.884578  0.176717 -0.338582
 0.883882  0.177284 -0.342764
 0.883244  0.177834 -0.346799
 0.882673   0.17837 -0.350672
 0.882178  0.178899 -0.354366
 0.881766  0.179427 -0.357868
 0.881445  0.179959 -0.361163
 0.881223  0.180503 -0.364237
 0.881108  0.181064 -0.367077
0.881108  0.18165 -0.36967
 0.881228  0.182265 -0.372004
 0.881476  0.182918 -0.374065
 0.881859  0.183612 -0.375842
 0.882379  0.184353 -0.377326
 0.883043  0.185147 -0.378506
 0.883855  0.185996 -0.379372
 0.884818  0.186905 -0.379915
 0.885934  0.187875 -0.380126
 0.887204  0.188907 -0.379997
 0.888631  0.190003 -0.379521
 0.890212  0.191162 -0.378692
 0.891946  0.192381 -0.377504
 0.893833  0.193659 -0.375952
 0.895867  0.194991 -0.374031
 0.898045  0.196371 -0.371739
 0.900362  0.197794 -0.369074
 0.902811  0.199253 -0.366033
 0.905384  0.200738 -0.362618
 0.908074  0.202241 -0.358828
 0.910872   0.20375 -0.354667
 0.913767  0.205256 -0.350138
 0.916749  0.206745 -0.345245
 0.919806  0.208205 -0.339996
 0.922927  0.209623 -0.334397
 0.926099  0.210986 -0.328459
 0.929308  0.212279 -0.322192
 0.932543  0.213489 -0.315608
 0.935789  0.214604 -0.308721
 0.939033   0.21561 -0.301547
 0.942262  0.216494 -0.294102
 0.945462  0.217243 -0.286405
 0.948622  0.217847 -0.278475
 0.951728  0.218294 -0.270333
 0.954768  0.218576 -0.262002
 0.957731  0.218685 -0.253504
 0.960608  0.218613 -0.244863
 0.963388  0.218354 -0.236105
 0.966063  0.217903 -0.227254
 0.968625  0.217258 -0.218339
 0.971067  0.216418 -0.209386
 0.973382  0.215381 -0.200423
 0.975569  0.214149 -0.191477
 0.977623  0.212722 -0.182572
 0.979541  0.211107 -0.173742
 0.981322  0.209308 -0.165012
0.982966  0.20733 -0.15641
 0.984475  0.205182 -0.147962
  0.98585  0.202871 -0.139695
 0.987094  0.200406 -0.131634
 0.988211  0.197798 -0.123806
 0.989206  0.195056 -0.116234
 0.990084  0.192192 -0.108941
 0.99085 0.189217 -0.10195
  0.991513   0.186143 -0.0952816
  0.992077   0.182981 -0.0889567
  0.992551   0.179743 -0.0829937
  0.992942   0.176438 -0.0774073
  0.993257    0.17308 -0.0722164
  0.993504   0.169675 -0.0674323
  0.993689   0.166237 -0.0630714
  0.993821   0.162769 -0.0591388
  0.993904   0.159278 -0.0556425
  0.993945   0.155773 -0.0525958
  0.993948    0.15226 -0.0500073
   0.99392   0.148745 -0.0478847
  0.993863   0.145227 -0.0462277
   0.99378   0.141707 -0.0450381
  0.993672   0.138184 -0.0443149
  0.993541   0.134654 -0.0440544
  0.993386   0.131109 -0.0442536
  0.993206   0.127546 -0.0449067
  0.992997   0.123957 -0.0460067
  0.992758    0.12033 -0.0475437
  0.992483   0.116657 -0.0495065
  0.992168   0.112921 -0.0518836
  0.991805   0.109111 -0.0546585
  0.991389   0.105212 -0.0578146
 0.990911  0.101209 -0.061332
  0.990363  0.0970846 -0.0651904
  0.989737  0.0928237 -0.0693672
  0.989025  0.0884094 -0.0738359
 0.988216 0.0838262  -0.07857
  0.987303  0.0790593 -0.0835405
  0.986277  0.0740949 -0.0887165
   0.98513  0.0689203 -0.0940647
  0.983853  0.0635262 -0.0995532
  0.98244 0.0579039 -0.105146
 0.980885 0.0520475 -0.110808
 0.979181 0.0459536 -0.116502
 0.977324 0.0396219 -0.122191
 0.975312 0.0330549 -0.127839
 0.973142 0.0262584 -0.133408
 0.970813 0.0192409 -0.138864
 0.968327  0.012014 -0.144172
  0.965683 0.00459278  -0.149298
   0.962887 -0.00300619   -0.154212
  0.959942 -0.0107615  -0.158883
  0.956855 -0.0186512  -0.163286
 0.953632 -0.026651 -0.167395
  0.950282 -0.0347344   -0.17119
  0.946813 -0.0428739   -0.17465
  0.943236 -0.0510409  -0.177762
  0.939562 -0.0592059  -0.180513
  0.935802 -0.0673395  -0.182893
  0.931969 -0.0754122  -0.184896
  0.928074 -0.0833952  -0.186519
  0.924129 -0.0912605  -0.187763
  0.920146 -0.0989815   -0.18863
 0.916138 -0.106532 -0.189125
 0.912115 -0.113889 -0.189257
 0.908088 -0.121032 -0.189036
 0.904066  -0.12794 -0.188473
 0.900057 -0.134596 -0.187583
 0.896069 -0.140987 -0.186381
 0.892108 -0.147099 -0.184883
 0.888179 -0.152924 -0.183109
 0.884284 -0.158455 -0.181075
 0.880424 -0.163688 -0.178801
 0.876601 -0.168619 -0.176308
 0.872812 -0.173251 -0.173615
 0.869055 -0.177585 -0.170741
 0.865324 -0.181626 -0.167709
 0.861614  -0.18538 -0.164536
 0.857919 -0.188856 -0.161244
 0.854229 -0.192063 -0.157852
 0.850537 -0.195011 -0.154379
 0.846832 -0.197713 -0.150846
 0.843104 -0.200179 -0.147268
 0.839342 -0.202423 -0.143666
 0.835536 -0.204456 -0.140055
 0.831676 -0.206289 -0.136454
 0.827751 -0.207935 -0.132877
 0.823752 -0.209402 -0.129338
  0.81967   -0.2107 -0.125851
 0.815497 -0.211834 -0.122429
 0.811227 -0.212808 -0.119083
 0.806853 -0.213626 -0.115821
 0.802371 -0.214286 -0.112652
 0.797776 -0.214787 -0.109583
 0.793065 -0.215126 -0.106617
 0.788234 -0.215299  -0.10376
 0.783274 -0.215307 -0.101014
  0.77818 -0.215154 -0.098384
  0.772941  -0.214855 -0.0958753
  0.767541  -0.214433 -0.0934959
  0.761963  -0.213927 -0.0912586
  0.756183  -0.213391 -0.0891825
  0.750176  -0.212889 -0.0872937
  0.743911  -0.212497 -0.0856267
  0.737361  -0.212289 -0.0842238
  0.730494  -0.212331 -0.0831334
  0.723282  -0.212673 -0.0824063
  0.715703  -0.213346 -0.0820947
  0.707737  -0.214357 -0.0822491
  0.699371  -0.215692 -0.0829151
  0.690604  -0.217316 -0.0841324
  0.681436   -0.21918 -0.0859331
  0.671879  -0.221221 -0.0883435
  0.661948  -0.223374 -0.0913699
  0.651665  -0.225568 -0.0950164
  0.64105 -0.227719 -0.099273
 0.630134 -0.229755 -0.104129
 0.618948 -0.231603 -0.109552
 0.607523 -0.233196 -0.115508
 0.595894 -0.234472 -0.121952
 0.584096 -0.235377 -0.128833
 0.572165 -0.235863 -0.136098
 0.560135 -0.235894 -0.143685
 0.548043 -0.235441 -0.151533
 0.535924 -0.234484 -0.159577
 0.523811 -0.233015 -0.167756
 0.511738  -0.23103 -0.176006
 0.499737  -0.22854 -0.184265
 0.487837 -0.225562 -0.192475
 0.476065 -0.222115 -0.200585
 0.464449 -0.218238  -0.20854
 0.453011 -0.213964 -0.216305
 0.441771 -0.209335 -0.223838
 0.430746 -0.204399 -0.231108
 0.419952 -0.199209 -0.238085
 0.409398 -0.193817 -0.244751
 0.399094 -0.188281  -0.25109
 0.389043 -0.182657 -0.257097
 0.379249 -0.177007 -0.262769
 0.369708 -0.171393 -0.268105
 0.360415 -0.165873  -0.27311
 0.351362 -0.160509 -0.277796
 0.342539 -0.155358 -0.282171
 0.333929 -0.150483 -0.286248
 0.325518 -0.145944 -0.290042
 0.317284 -0.141801 -0.293568
 0.309208 -0.138114 -0.296838
 0.301266 -0.134941 -0.299864
 0.293433  -0.13234 -0.302653
 0.285685 -0.130369 -0.305207
 0.277996 -0.129093 -0.307526
 0.270341 -0.128571 -0.309602
 0.262696 -0.128865  -0.31142
 0.255038 -0.130034 -0.312953
 0.247345 -0.132144 -0.314166
 0.239603 -0.135248 -0.315015
 0.231797 -0.139408  -0.31544
 0.22392 -0.14468 -0.31537
 0.215968 -0.151116 -0.314717
 0.207948 -0.158762 -0.313381
 0.199873 -0.167653 -0.311242
 0.191764 -0.177817 -0.308167
 0.183654 -0.189263 -0.304006
 0.175588 -0.201987 -0.298595
 0.167622 -0.215962 -0.291754
 0.159824 -0.231134 -0.283292
 0.152278 -0.247424 -0.273012
 0.145082 -0.264717 -0.260707
 0.138345 -0.282863 -0.246176
 0.132196 -0.301673 -0.229217
 0.126774 -0.320916 -0.209647
 0.123413 -0.357884 -0.172722
  0.138194  -0.451975 -0.0468307
 0.170185 -0.500344  0.098697
 0.213027 -0.503267  0.243559
 0.260997 -0.468448  0.374197
 0.309694 -0.406119  0.483046
 0.356236 -0.326399   0.56737
0.399101 -0.23789 0.627684
 0.437736 -0.147209  0.666339
 0.472139 -0.059092  0.686537
 0.502521 0.0232975  0.691771
  0.52912 0.0980773  0.685531
0.552132 0.164426 0.671085
0.571772 0.222346 0.651265
0.588314 0.272366 0.628341
0.602083 0.315278 0.604017
0.613436  0.35196 0.579514
0.622729 0.383272 0.555662
0.630295 0.409998 0.533004
0.636444  0.43283 0.511864
 0.64144 0.452335 0.492451
0.645525 0.469009 0.474835
0.648909 0.483251 0.459027
0.651771  0.49539 0.444989
 0.65427 0.505695 0.432646
0.656536 0.514363 0.421935
 0.65869  0.52157 0.412745
0.660832 0.527434 0.404998
0.663048 0.532057 0.398592
0.665407  0.53552 0.393427
0.667979 0.537889  0.38938
0.670813 0.539204 0.386375
0.673945  0.53949  0.38434
0.677414 0.538785 0.383156
0.681245 0.537104  0.38274
0.685458 0.534465 0.383004
0.690063 0.530883 0.383857
0.695068 0.526373 0.385209
0.700472 0.520949 0.386971
0.706269  0.51463 0.389053
 0.71245 0.507435 0.391367
0.718998 0.499389 0.393825
0.725894 0.490519 0.396339
0.733112 0.480859 0.398825
0.740626 0.470447 0.401201
0.748401 0.459328 0.403388
0.756402 0.447553 0.405311
0.764591 0.435179 0.406899
0.772927  0.42227 0.408091
0.781364 0.408893 0.408828
 0.78986 0.395125 0.409062
0.798367 0.381045 0.408755
0.806841 0.366736 0.407874
0.815235 0.352284 0.406402
0.823507 0.337776 0.404328
0.831613   0.3233 0.401655
0.839514 0.308941 0.398396
0.847175 0.294784 0.394575
0.854561 0.280906 0.390225
0.861644 0.267381  0.38539
  0.8684 0.254272 0.380121
0.874808 0.241637 0.374475
0.880853 0.229524 0.368518
0.886524  0.21797 0.362317
0.891815 0.207002 0.355941
0.896723 0.196639 0.349459
 0.90125 0.186888 0.342942
0.905401 0.177748 0.336456
0.909185 0.169216 0.330062
0.912612 0.161269 0.323818
0.915696 0.153883 0.317777
0.918453 0.147034 0.311982
0.920898 0.140688 0.306472
 0.92305 0.134813 0.301276
0.924926 0.129374 0.296419
0.926546 0.124338 0.291914
0.927928 0.119672 0.287772
 0.92909 0.115345 0.283995
 0.93005 0.111331 0.280581
0.930825 0.107605 0.277519
0.931433 0.104148 0.274798
0.931889 0.100943   0.2724
 0.932208 0.0979807  0.270305
 0.932405 0.0952523  0.268489
0.932495 0.092755 0.266926
 0.932492 0.0904892  0.265587
 0.932408 0.0884582  0.264443
 0.932257 0.0866682  0.263461
0.932052 0.085127 0.262608
0.931806 0.083844 0.261848
 0.931532 0.0828289  0.261146
 0.931243 0.0820912  0.260463
 0.930951 0.0816395  0.259761
 0.930669 0.0814805  0.258999
 0.930411 0.0816179  0.258137
 0.930189 0.0820524  0.257133
 0.930014 0.0827806  0.255944
 0.929899 0.0837944  0.254528
 0.929854 0.0850799  0.252842
 0.929889 0.0866178  0.250844
 0.930011 0.0883822  0.248494
 0.930228 0.0903414  0.245755
 0.930544 0.0924569  0.242589
 0.930962 0.0946842  0.238967
0.931482 0.096973  0.23486
 0.932101 0.0992676  0.230248
0.932814 0.101508 0.225114
0.933613  0.10363 0.219449
0.934488 0.105569 0.213254
0.935424 0.107256 0.206534
0.936407 0.108626 0.199304
0.937418 0.109612 0.191587
0.938438 0.110153 0.183414
0.939445  0.11019 0.174823
0.940416 0.109673 0.165858
0.941331 0.108555  0.15657
0.942166 0.106799 0.147015
  0.9429 0.104379  0.13725
0.943513 0.101273 0.127338
 0.943985 0.0974721  0.117337
   0.9443 0.0929765   0.10731
 0.944445 0.0877948 0.0973136
 0.944407 0.0819447 0.0874029
 0.944177 0.0754521 0.0776274
  0.94375 0.0683505 0.0680313
 0.943124 0.0606795  0.058652
 0.942297 0.0524848 0.0495198
 0.941273 0.0438162 0.0406575
 0.940057 0.0347274 0.0320799
 0.938656 0.0252748 0.0237944
 0.937082 0.0155165 0.0158002
  0.935345 0.00551175 0.00808955
   0.933458 -0.00468001 0.000647668
   0.931438  -0.0149996 -0.00654663
  0.929301 -0.0253887 -0.0135196
  0.927063 -0.0357897 -0.0203034
  0.924743 -0.0461474 -0.0269335
   0.92236 -0.0564079 -0.0334486
  0.919934 -0.0665194 -0.0398894
  0.917483 -0.0764321 -0.0462981
  0.915028 -0.0860988 -0.0527171
  0.912588  -0.095474 -0.0591877
  0.910182  -0.104515 -0.0657498
  0.907829  -0.113181 -0.0724404
  0.905548  -0.121434 -0.0792931
  0.903357  -0.129238 -0.0863368
  0.901274  -0.136559 -0.0935952
 0.899317 -0.143365 -0.101086
 0.897503 -0.149626 -0.108821
  0.89585 -0.155313 -0.116805
 0.894375 -0.160399 -0.125034
 0.893097 -0.164856 -0.133498
 0.892033 -0.168657  -0.14218
 0.891203 -0.171772 -0.151055
 0.890624 -0.174174  -0.16009
 0.890316 -0.175833 -0.169243
 0.890298 -0.176718 -0.178467
 0.890588 -0.176799 -0.187707
 0.891203 -0.176046 -0.196905
 0.892159 -0.174438 -0.205987
  0.89347 -0.171947 -0.214884
 0.895147 -0.168556 -0.223516
 0.897198 -0.164253 -0.231798
 0.899628  -0.15903 -0.239647
 0.902435 -0.152888 -0.246976
 0.905611 -0.145836 -0.253694
 0.909145 -0.137891 -0.259717
 0.913017 -0.129078 -0.264959
0.917199 -0.11943 -0.26934
 0.921656 -0.108988 -0.272786
  0.926348 -0.0978019  -0.275231
  0.931226 -0.0859241  -0.276615
   0.93623 -0.0734186  -0.276897
  0.941299 -0.0603499  -0.276042
  0.946365 -0.0467884  -0.274031
  0.951355 -0.0328081  -0.270857
  0.956197 -0.0184859   -0.26653
   0.960815 -0.00390305   -0.261073
 0.965136 0.0108579 -0.254521
 0.969092 0.0257123 -0.246919
 0.972619  0.040575 -0.238331
 0.975659  0.055362 -0.228825
 0.978166 0.0699931 -0.218482
 0.980099 0.0843953 -0.207396
 0.981429 0.0985036 -0.195671
0.982136 0.112264 -0.18342
 0.982209  0.125634 -0.170764
 0.981649  0.138584 -0.157832
 0.980465  0.151094 -0.144754
 0.978676  0.163155 -0.131661
 0.976309  0.174769 -0.118683
 0.973399  0.185941 -0.105946
  0.969988   0.196686 -0.0935693
  0.966124    0.20702 -0.0816661
   0.96186   0.216961 -0.0703391
  0.957254   0.226529 -0.0596832
  0.952364    0.23574 -0.0497807
  0.947253   0.244611 -0.0407051
  0.941982   0.253154 -0.0325176
 0.936616  0.261373 -0.025255
  0.931211   0.269282 -0.0189866
  0.925829   0.276874 -0.0137252
   0.920526    0.284144 -0.00949073
   0.915355    0.291081 -0.00629204
   0.910366     0.29767 -0.00412865
   0.905605    0.303891 -0.00299086
   0.901111    0.309723 -0.00286041
   0.896923    0.315137 -0.00371068
   0.893071    0.320108 -0.00550734
   0.889583    0.324603 -0.00820882
  0.886481   0.328594 -0.0117666
  0.883783   0.332049 -0.0161266
  0.881501   0.334938 -0.0212289
  0.879644   0.337235 -0.0270075
 0.878216  0.338914 -0.033395
  0.877219   0.339951 -0.0403174
  0.876648    0.34033 -0.0476967
  0.876499   0.340034 -0.0554533
  0.876759   0.339057 -0.0635098
  0.877419   0.337391 -0.0717859
  0.878466   0.335038 -0.0802007
   0.87988   0.332004 -0.0886782
  0.881647   0.328298 -0.0971377
 0.883744  0.323939 -0.105507
 0.886152  0.318946 -0.113714
  0.88885  0.313341 -0.121693
 0.891815  0.307152 -0.129383
 0.895025  0.300409 -0.136725
 0.898454  0.293142 -0.143671
  0.90208  0.285386 -0.150176
 0.905875  0.277171 -0.156204
 0.909815   0.26853 -0.161725
 0.913871  0.259495 -0.166715
 0.918014  0.250095 -0.171162
 0.922214  0.240356 -0.175058
 0.926438  0.230304 -0.178405
 0.930652  0.219961 -0.181211
  0.93482  0.209349 -0.183496
 0.938902  0.198485 -0.185285
 0.942857  0.187387 -0.186612
0.946643 0.176073 -0.18752
 0.950214  0.164562 -0.188059
 0.953525  0.152873 -0.188286
 0.956527  0.141032 -0.188267
0.959173 0.129067 -0.18807
 0.961418  0.117015 -0.187773
 0.963217   0.10492 -0.187453
 0.964531 0.0928351  -0.18719
 0.965323 0.0808242 -0.187065
 0.965565 0.0689621 -0.187155
 0.965234 0.0573343 -0.187529
 0.964318 0.0460366 -0.188251
 0.962815  0.035174 -0.189371
 0.960733 0.0248585 -0.190926
 0.958092 0.0152067 -0.192935
  0.954924 0.00633629  -0.195399
    0.95127 -0.00163768   -0.198299
   0.947184 -0.00860653   -0.201594
  0.942725 -0.0144724  -0.205224
   0.93796 -0.0191518   -0.20911
  0.932962 -0.0225801  -0.213152
  0.927805 -0.0247135  -0.217241
  0.922563 -0.0255322  -0.221253
  0.917308 -0.0250418  -0.225059
  0.912106 -0.0232741  -0.228526
  0.907018 -0.0202866  -0.231523
  0.902098 -0.0161617  -0.233929
  0.897388 -0.0110044  -0.235631
   0.892922 -0.00493903   -0.236532
  0.888723 0.00189408  -0.236556
  0.884806 0.00934349  -0.235646
 0.881173 0.0172509 -0.233771
 0.877822 0.0254564 -0.230925
  0.87474 0.0338031 -0.227125
  0.87191 0.0421413 -0.222414
  0.86931 0.0503345 -0.216855
 0.866919 0.0582597 -0.210532
 0.864712 0.0658119 -0.203545
 0.862665 0.0729036 -0.196005
 0.860757 0.0794687 -0.188034
  0.85897 0.0854593  -0.17976
 0.857288 0.0908463 -0.171308
 0.855699 0.0956174  -0.16281
 0.854198 0.0997747 -0.154388
 0.85278 0.103333 -0.14616
 0.851447  0.106317 -0.138237
0.850202 0.108758 -0.13072
 0.849051  0.110694 -0.123703
 0.848003  0.112163 -0.117269
 0.847067  0.113204 -0.111491
 0.846252  0.113857 -0.106435
  0.84557  0.114157 -0.102155
  0.845027   0.114135 -0.0987027
  0.844632   0.113817 -0.0961203
  0.844389   0.113224 -0.0944404
   0.8443  0.112371 -0.093689
  0.844364   0.111265 -0.0938912
  0.844575   0.109909 -0.0950629
  0.844923   0.108298 -0.0972141
0.845396  0.10642 -0.10035
 0.845974   0.10426 -0.104467
 0.846634  0.101798 -0.109559
 0.847349 0.0990095 -0.115609
 0.848085 0.0958673 -0.122594
 0.848807 0.0923439 -0.130483
 0.849475  0.088412 -0.139237
 0.850047 0.0840461  -0.14881
  0.85048 0.0792248 -0.159146
  0.85073 0.0739321 -0.170184
 0.850754 0.0681596 -0.181857
 0.850511 0.0619077 -0.194091
 0.849964 0.0551874  -0.20681
  0.84908 0.0480212 -0.219939
 0.847831 0.0404439   -0.2334
 0.846195 0.0325027 -0.247118
 0.844155 0.0242573 -0.261025
 0.841701 0.0157791 -0.275057
  0.838828 0.00714904  -0.289159
   0.835537 -0.00154258   -0.303283
  0.831833 -0.0101993  -0.317391
  0.827722 -0.0187206  -0.331455
  0.823216 -0.0270041  -0.345456
  0.818325 -0.0349486  -0.359381
  0.813061 -0.0424562  -0.373225
  0.807436 -0.0494344  -0.386984
  0.801459 -0.0557986  -0.400658
  0.795142 -0.0614737  -0.414247
  0.788494 -0.0663948  -0.427747
  0.781524 -0.0705086  -0.441148
 0.774246 -0.073774 -0.454434
  0.766676 -0.0761622  -0.467581
  0.758833 -0.0776555  -0.480553
 0.750745 -0.078248 -0.493308
  0.742447 -0.0779447  -0.505793
  0.733983 -0.0767595  -0.517949
  0.725409 -0.0747161  -0.529711
  0.716788 -0.0718462  -0.541009
  0.708197 -0.0681902  -0.551776
  0.699717 -0.0637955  -0.561945
 0.691441 -0.058716 -0.571453
  0.683465 -0.0530113  -0.580244
  0.675891 -0.0467447  -0.588271
  0.668822 -0.0399823  -0.595493
  0.662359 -0.0327908  -0.601881
  0.656602 -0.0252364  -0.607412
  0.651645 -0.0173837  -0.612069
  0.647576 -0.0092918  -0.615842
  0.644475 -0.0010201  -0.618725
  0.642411 0.00738134  -0.620713
 0.641441 0.0158657 -0.621804
 0.641616 0.0243918 -0.621992
 0.642971  0.032925 -0.621269
 0.645531 0.0414344 -0.619624
 0.649306 0.0498954 -0.617043
 0.654295 0.0582886 -0.613504
 0.660483 0.0665978 -0.608984
 0.667843 0.0748159 -0.603451
 0.676333 0.0829351 -0.596874
 0.685897 0.0909562 -0.589215
 0.696467 0.0988765 -0.580438
 0.707959  0.106704 -0.570504
0.720278 0.114451 -0.55938
 0.733316  0.122138 -0.547031
 0.746951  0.129772 -0.533436
 0.761051  0.137379 -0.518576
 0.775478  0.144987 -0.502444
 0.790081  0.152622 -0.485046
  0.80471  0.160318 -0.466399
 0.819207  0.168098 -0.446538
0.833418 0.175999 -0.42551
 0.847189  0.184053 -0.403377
 0.860372  0.192287 -0.380217
 0.872829  0.200728 -0.356119
 0.884429  0.209393 -0.331186
 0.895053  0.218296 -0.305529
 0.904596  0.227439 -0.279267
 0.922577  0.216668 -0.254064
 0.939681  0.204933 -0.228007
0.954009 0.196146 -0.20144
0.965797 0.189907 -0.17496
 0.975307  0.185829 -0.149013
 0.982806  0.183555 -0.123916
  0.988554   0.182764 -0.0998815
    0.9928   0.183176 -0.0770395
  0.995769   0.184544 -0.0554544
  0.997664   0.186658 -0.0351412
  0.998666   0.189337 -0.0160789
  0.998932   0.192426 0.00177971
 0.998594  0.195792 0.0184989
 0.997768  0.199321 0.0341569
 0.996552  0.202913 0.0488242
0.995025 0.206489 0.062597
 0.993256  0.209981 0.0755521
 0.991297  0.213335 0.0877691
 0.989196  0.216503 0.0993225
0.986989 0.219449 0.110279
0.984705 0.222146 0.120702
0.982369 0.224574 0.130647
0.979998 0.226719 0.140164
0.977608  0.22857 0.149295
0.975212 0.230122 0.158076
 0.97282 0.231372 0.166537
0.970441 0.232317 0.174704
0.968084  0.23296 0.182596
0.965756 0.233302  0.19023
0.963463 0.233342  0.19762
0.961216 0.233087 0.204768
0.959021 0.232537 0.211681
0.956885 0.231695 0.218363
0.954819 0.230562 0.224813
0.952831 0.229141 0.231029
 0.95093 0.227434 0.237008
0.949126 0.225442 0.242745
 0.94743 0.223167 0.248232
0.945851  0.22061 0.253461
  0.9444 0.217773 0.258424
0.943086 0.214658 0.263111
 0.94192 0.211269 0.267509
0.940911 0.207607 0.271608
0.940068 0.203676 0.275393
0.939398 0.199483 0.278853
 0.93891 0.195032 0.281972
0.938609 0.190331 0.284735
0.938501 0.185389 0.287129
 0.93859 0.180215 0.289135
0.938879 0.174821  0.29074
0.939368 0.169222 0.291926
0.940058 0.163432 0.292677
0.940947 0.157468 0.292981
0.942031 0.151351 0.292818
0.943303 0.145102 0.292181
0.944763 0.138743 0.291039
0.946395 0.132296 0.289403
 0.94819 0.125792 0.287254
0.950139 0.119258 0.284581
0.952223 0.112721 0.281386
0.954428 0.106214 0.277663
 0.956737 0.0997625  0.273414
 0.959132 0.0934051  0.268644
  0.96159 0.0871696  0.263362
 0.964092 0.0810868   0.25758
 0.966615 0.0751876  0.251316
 0.969137 0.0695013  0.244592
 0.971633 0.0640565  0.237438
 0.974083 0.0588801  0.229883
 0.976463 0.0539975  0.221968
 0.978753 0.0494319  0.213736
 0.980935 0.0452045  0.205234
 0.982991 0.0413339  0.196517
 0.984907 0.0378361  0.187643
 0.986674 0.0347242  0.178673
 0.988283 0.0320081  0.169672
  0.98973 0.0296937  0.160708
0.991017 0.027783  0.15185
 0.992146 0.0262741  0.143166
0.993125 0.025161 0.134727
 0.993964 0.0244279  0.126598
 0.994673 0.0240678  0.118846
 0.995268 0.0240641  0.111536
 0.995764 0.0243825  0.104726
 0.996177 0.0249974 0.0984671
 0.996523 0.0258811 0.0928125
 0.996815 0.0270002 0.0878097
 0.997068 0.0283242  0.083505
 0.997292 0.0298084 0.0799244
 0.997496 0.0314212 0.0771024
 0.997685 0.0331273 0.0750692
 0.997859 0.0348962 0.0738503
 0.998017 0.0366837 0.0734522
 0.998149 0.0384637 0.0738921
 0.998246 0.0402111 0.0751733
  0.99829 0.0419008 0.0773003
 0.998261 0.0435097 0.0802679
 0.998133 0.0450318 0.0840709
 0.997876 0.0464555 0.0886933
 0.997457 0.0477765 0.0941144
 0.996842 0.0489983  0.100309
 0.995992 0.0501307  0.107246
 0.994868 0.0511903  0.114887
 0.993431 0.0522001  0.123188
 0.991644 0.0531903  0.132098
 0.989471 0.0541977  0.141558
0.986882 0.055265 0.151508
  0.98385 0.0564413  0.161875
 0.980357 0.0577805  0.172588
 0.976391 0.0593408  0.183566
 0.971951 0.0611828  0.194727
0.967044 0.063368 0.205985
0.961688 0.065956 0.217251
  0.95591 0.0690019  0.228437
0.949748 0.072554 0.239454
 0.943246 0.0766518  0.250212
  0.93646 0.0813234  0.260623
  0.92945 0.0865849    0.2706
 0.922284 0.0924377  0.280066
0.915034 0.098872 0.288942
0.907777 0.105864 0.297155
0.900591 0.113379 0.304641
0.893556 0.121371 0.311344
0.886755 0.129785 0.317213
0.880268 0.138558 0.322206
0.874173 0.147624  0.32629
0.868547 0.156909 0.329438
0.863462 0.166337 0.331629
0.858987  0.17583 0.332849
0.855185 0.185307 0.333089
 0.85211 0.194687 0.332342
0.849812 0.203888 0.330605
0.848333 0.212826 0.327876
0.847703 0.221417 0.324153
0.847945 0.229575 0.319436
0.849071 0.237214 0.313724
0.851081 0.244247 0.307013
0.853962 0.250583   0.2993
 0.85769 0.256131  0.29058
0.862224 0.260802  0.28085
0.867509   0.2645 0.270107
0.873477 0.267139 0.258346
0.880041 0.268626 0.245569
0.887098 0.268875  0.23178
 0.89453 0.267802 0.216992
0.902203 0.265341 0.201218
0.909968 0.261427 0.184482
0.917666 0.256014 0.166822
0.925125 0.249075 0.148274
 0.93217 0.240604 0.128891
 0.93862 0.230615 0.108733
 0.944298  0.219144 0.0878721
 0.949031  0.206243 0.0663928
 0.952654  0.191976 0.0443978
 0.955014  0.176416 0.0220095
    0.955975     0.159642 -0.000628427
  0.955417   0.141739 -0.0233522
  0.953243   0.122804 -0.0459818
  0.949385   0.102945 -0.0683257
  0.943799  0.0822822 -0.0901875
 0.936474 0.0609483 -0.111371
 0.927432  0.039087 -0.131685
 0.916723 0.0168496 -0.150952
   0.904431 -0.00560779   -0.169007
  0.890666 -0.0281308  -0.185705
  0.875564 -0.0505667  -0.200923
  0.859282 -0.0727707   -0.21456
  0.841997 -0.0946083  -0.226539
 0.823895 -0.115958 -0.236811
 0.805175 -0.136714 -0.245347
 0.786037 -0.156785 -0.252146
 0.766683 -0.176099 -0.257228
 0.747309 -0.194598 -0.260632
 0.728104 -0.212244  -0.26242
 0.709246 -0.229011 -0.262667
   0.6909 -0.244891 -0.261466
 0.673214 -0.259885 -0.258919
  0.65632 -0.274008 -0.255138
 0.640331 -0.287283  -0.25024
 0.625342 -0.299741 -0.244348
 0.611433 -0.311417 -0.237582
 0.598663 -0.322351 -0.230068
 0.587079 -0.332585 -0.221923
  0.57671 -0.342161 -0.213264
 0.567573 -0.351123 -0.204204
 0.559674 -0.359511 -0.194848
 0.553007 -0.367366 -0.185298
 0.547554 -0.374727  -0.17565
 0.543291  -0.38163 -0.165993
 0.540184 -0.388108 -0.156408
 0.538195 -0.394194 -0.146973
 0.537277 -0.399914 -0.137759
 0.537379 -0.405297 -0.128829
 0.538446 -0.410364 -0.120245
 0.540419 -0.415137 -0.112055
 0.543235 -0.419636 -0.104306
  0.546831  -0.423875 -0.0970356
  0.551142  -0.427869 -0.0902795
    0.5561  -0.431629 -0.0840655
  0.561639  -0.435163 -0.0784158
  0.567694  -0.438481 -0.0733478
  0.574201  -0.441585 -0.0688753
  0.581094  -0.444479 -0.0650031
  0.588314  -0.447165 -0.0617357
 0.595801 -0.449642 -0.059074
  0.603499  -0.451909 -0.0570119
  0.611355  -0.453962 -0.0555409
 0.619318 -0.455798 -0.054649
   0.62734  -0.457413 -0.0543243
  0.635379  -0.458802 -0.0545492
  0.643391   -0.45996 -0.0553052
 0.651341 -0.460883 -0.056572
 0.659191 -0.461567 -0.058328
   0.66691  -0.462011 -0.0605504
  0.674467  -0.462212 -0.0632159
  0.681834  -0.462172 -0.0663003
  0.688983  -0.461894 -0.0697792
  0.695891  -0.461384 -0.0736288
  0.702533   -0.46065 -0.0778251
  0.708886  -0.459705 -0.0823453
  0.714929  -0.458561 -0.0871674
  0.720638  -0.457239 -0.0922708
 0.725992 -0.455758 -0.097637
  0.73097 -0.454143  -0.10325
  0.73555 -0.452421 -0.109095
  0.73971 -0.450622 -0.115164
 0.743426 -0.448779 -0.121449
 0.746676 -0.446924 -0.127948
 0.749434 -0.445092 -0.134665
 0.751676 -0.443317 -0.141608
 0.753377 -0.441633 -0.148791
 0.754508 -0.440069 -0.156234
 0.755044  -0.43865 -0.163965
 0.754953 -0.437404 -0.172009
 0.754206 -0.436341 -0.180412
 0.752777 -0.435469 -0.189212
 0.750632 -0.434787 -0.198455
 0.747743 -0.434283 -0.208188
  0.74408 -0.433932  -0.21846
 0.739617 -0.433696 -0.229319
 0.734327 -0.433527 -0.240814
  0.72818 -0.433368 -0.252982
0.721157 -0.43314 -0.26586
 0.713242 -0.432758 -0.279472
  0.70442 -0.432126 -0.293831
 0.694684 -0.431138 -0.308938
 0.684031 -0.429682 -0.324779
 0.672467 -0.427643 -0.341324
 0.660005 -0.424904 -0.358524
 0.646666 -0.421351 -0.376315
  0.63248 -0.416876 -0.394613
 0.617487  -0.41138 -0.413319
 0.601736 -0.404776 -0.432318
 0.585285 -0.396996 -0.451483
 0.568199 -0.387987 -0.470677
 0.550553 -0.377719 -0.489754
  0.53243 -0.366184 -0.508568
 0.513919 -0.353397 -0.526972
 0.495112 -0.339395 -0.544823
 0.476108 -0.324239 -0.561988
 0.457009 -0.308009 -0.578344
 0.437917 -0.290803 -0.593784
 0.418935 -0.272735  -0.60822
 0.400168 -0.253933  -0.62158
 0.381716 -0.234535 -0.633816
  0.36368 -0.214682 -0.644899
 0.346153 -0.194517 -0.654825
  0.32923 -0.174183 -0.663606
 0.312996 -0.153818 -0.671278
 0.297534 -0.133553 -0.677893
 0.282921 -0.113509 -0.683517
   0.26923 -0.0937961  -0.688232
  0.256526 -0.0745101  -0.692127
  0.244871 -0.0557343  -0.695299
  0.234321 -0.0375375  -0.697851
  0.224927 -0.0199648  -0.699887
   0.216735 -0.00306911   -0.701506
 0.209788 0.0131245 -0.702806
 0.204124 0.0286008 -0.703878
 0.199776 0.0433521 -0.704803
 0.196778 0.0573781 -0.705654
 0.195156  0.070684 -0.706491
 0.194934 0.0832804 -0.707361
 0.196135 0.0951792 -0.708299
 0.198776  0.106393 -0.709325
 0.202871  0.116933 -0.710445
  0.20843  0.126809 -0.711651
 0.215459  0.136024 -0.712925
 0.223958  0.144581 -0.714231
  0.23392  0.152475 -0.715526
 0.245331  0.159696 -0.716753
 0.258172  0.166229 -0.717849
 0.272411  0.172054 -0.718739
 0.288012  0.177147 -0.719346
 0.304924   0.18148 -0.719584
  0.32309  0.185033 -0.719367
 0.342441  0.187769 -0.718606
 0.362897  0.189667 -0.717214
 0.384371  0.190699 -0.715104
 0.406766  0.190843 -0.712196
 0.429976  0.190093 -0.708411
  0.45389  0.188448 -0.703677
0.478391 0.185917 -0.69793
 0.503356  0.182522 -0.691114
0.528663 0.178294 -0.68318
0.554185 0.173281 -0.67409
 0.579797  0.167539 -0.663814
 0.605375  0.161139 -0.652336
 0.630795  0.154161 -0.639646
  0.65594  0.146694 -0.625748
 0.680696  0.138838 -0.610656
 0.704954  0.130694 -0.594397
0.728614 0.122369 -0.57701
  0.75158  0.113975 -0.558542
 0.773768  0.105619 -0.539056
   0.7951 0.0974111 -0.518622
 0.815509 0.0894537 -0.497321
 0.834938  0.081845 -0.475246
 0.853339  0.074676 -0.452493
 0.870677 0.0680298  -0.42917
 0.886925 0.0619797 -0.405385
 0.902067 0.0565887 -0.381254
 0.916098 0.0519087 -0.356893
  0.92902 0.0479801 -0.332419
 0.940846 0.0448314 -0.307947
 0.951598 0.0424796  -0.28359
 0.961304 0.0409307 -0.259455
 0.969999 0.0401785 -0.235645
 0.977725 0.0402076 -0.212255
 0.984528  0.040992 -0.189371
 0.990456 0.0424977 -0.167069
 0.995563 0.0446821 -0.145417
 0.999905 0.0474963 -0.124471
  1.00353 0.0508855 -0.104276
   1.00651  0.0547907 -0.0848672
   1.00889  0.0591496 -0.0662686
   1.01072  0.0638988 -0.0484943
   1.01206  0.0689753 -0.0315497
  1.01295 0.0743182 -0.015432
     1.01345    0.0798711 -0.000132031
  1.01359 0.0855835 0.0143644
  1.01342 0.0914126 0.0280752
  1.01297 0.0973236 0.0410208
  1.01228   0.10329 0.0532233
  1.01137  0.109293 0.0647057
  1.01338  0.091308 0.0253374
   1.00963  0.0581354 -0.0502825
 0.996466 0.0295459 -0.123605
  0.974672 0.00631251  -0.195112
   0.94474 -0.0110837  -0.264614
   0.90712 -0.0223374  -0.331379
  0.862416 -0.0273573  -0.394296
  0.811478 -0.0263371  -0.452078
  0.755423 -0.0197923  -0.503465
   0.695582 -0.00854354   -0.547415
  0.633415 0.00634916  -0.583236
 0.570395 0.0236876 -0.610658
 0.507902 0.0422548 -0.629838
 0.447133 0.0609178 -0.641308
 0.389057 0.0787164 -0.645876
  0.33439 0.0949172 -0.644525
 0.283608  0.109017 -0.638303
 0.236971  0.120734 -0.628242
0.194567 0.129977  -0.6153
 0.156348    0.1368 -0.600323
 0.122161  0.141356 -0.584032
  0.09179  0.143867 -0.567019
0.0649725  0.144592 -0.549761
0.0414229  0.143803 -0.532624
 0.020846  0.141767 -0.515885
0.00294696   0.138742  -0.499742
-0.0125614   0.134965   -0.48433
-0.0259539   0.130646  -0.469731
-0.0374903   0.125973  -0.455985
-0.0474129   0.121107  -0.443101
-0.0559453   0.116184  -0.431063
-0.0632925   0.111314  -0.419837
-0.0696403   0.106588  -0.409376
-0.075156  0.102078 -0.399626
-0.0799884  0.0978391  -0.390527
-0.0842693  0.0939079  -0.382018
-0.0881143  0.0903113   -0.37404
-0.0916229  0.0870654  -0.366533
-0.0948807  0.0841779  -0.359443
-0.0979595  0.0816499   -0.35272
-0.100919 0.0794778 -0.346319
-0.103809 0.0776539 -0.340198
-0.106667 0.0761684 -0.334323
-0.109523 0.0750098 -0.328665
-0.112399  0.074166 -0.323198
 -0.11531 0.0736245 -0.317906
-0.118264 0.0733726 -0.312772
-0.121266 0.0733983 -0.307788
-0.124313 0.0736899 -0.302948
  -0.1274 0.0742356 -0.298252
-0.130517 0.0750222 -0.293705
-0.133658 0.0760452  -0.28931
-0.136807 0.0772901 -0.285078
-0.139949 0.0787454 -0.281023
-0.143068 0.0803989 -0.277159
-0.146145 0.0822372 -0.273507
-0.149164 0.0842453 -0.270085
-0.152104 0.0864061 -0.266917
-0.154949 0.0887001 -0.264028
-0.157679 0.0911047 -0.261443
-0.160278 0.0935915 -0.259188
-0.162725 0.0961342 -0.257296
-0.165011 0.0987016 -0.255792
-0.167118  0.101253 -0.254703
-0.169036  0.103748 -0.254059
-0.170753  0.106138 -0.253885
-0.172263  0.108374 -0.254204
-0.173559  0.110402 -0.255038
-0.174638  0.112164 -0.256404
-0.175499  0.113597 -0.258314
-0.176144   0.11464 -0.260776
-0.176576  0.115224  -0.26379
-0.176799  0.115284 -0.267351
-0.176821  0.114751 -0.271444
-0.176647  0.113557 -0.276049
-0.176286  0.111636 -0.281136
-0.175746  0.108924 -0.286664
-0.175035   0.10536 -0.292586
 -0.17416  0.100886 -0.298845
-0.173128 0.0954519 -0.305376
-0.171945 0.0890117 -0.312106
-0.170614  0.081528 -0.318953
-0.169138 0.0729717  -0.32583
 -0.16752  0.063323 -0.332644
-0.165758 0.0525725 -0.339298
-0.163849 0.0407217 -0.345691
-0.161791 0.0277829 -0.351723
-0.159579 0.0137802 -0.357292
  -0.157204 -0.00125063   -0.362298
 -0.15466 -0.017263 -0.366645
 -0.151937 -0.0341997  -0.370241
 -0.149026 -0.0519933     -0.373
 -0.145917 -0.0705676  -0.374843
   -0.1426 -0.0898386  -0.375699
-0.139065 -0.109716 -0.375506
  -0.1353 -0.130104  -0.37421
-0.131299 -0.150903 -0.371767
-0.127052 -0.172011 -0.368144
-0.122553 -0.193327 -0.363316
 -0.11779 -0.214751 -0.357266
 -0.11276 -0.236183 -0.349977
-0.107455 -0.257524 -0.341452
-0.101868 -0.278682 -0.331695
-0.0959837  -0.299565  -0.320712
-0.0897923  -0.320087  -0.308516
-0.0832782  -0.340163  -0.295129
-0.0764218  -0.359712  -0.280574
-0.0691968  -0.378654  -0.264881
-0.0615738  -0.396909  -0.248089
-0.053519 -0.414397 -0.230248
-0.0449955  -0.431037  -0.211417
-0.0359648  -0.446749  -0.191672
-0.0263896  -0.461451  -0.171105
-0.0162371  -0.475066  -0.149823
-0.00548128   -0.487519    -0.12795
0.00589296  -0.498744  -0.105626
 0.0178889  -0.508684 -0.0830023
 0.0304952  -0.517296 -0.0602394
0.0436857 -0.524552 -0.037503
 0.0574199  -0.530442 -0.0149588
 0.0716444  -0.534974 0.00723153
0.0862945 -0.538176 0.0289155
 0.101298 -0.540092 0.0499529
 0.116576 -0.540784 0.0702194
  0.13205 -0.540327 0.0896083
 0.147641 -0.538809  0.108032
 0.163275 -0.536324  0.125422
 0.178881 -0.532973  0.141733
 0.194398 -0.528859  0.156931
 0.209775 -0.524086  0.171003
 0.224967 -0.518753  0.183951
  0.23994 -0.512954  0.195795
 0.254671 -0.506778  0.206556
 0.269144 -0.500308  0.216272
 0.283351 -0.493611  0.224995
 0.297293 -0.486759  0.232755
 0.310975 -0.479803  0.239613
  0.32441 -0.472784  0.245637
0.337614 -0.46574 0.250875
 0.350604 -0.458698   0.25539
 0.363404 -0.451678  0.259238
 0.376034 -0.444688  0.262487
  0.38852 -0.437733  0.265189
 0.400885 -0.430811    0.2674
 0.413152 -0.423916  0.269176
 0.425344 -0.417035  0.270567
 0.43748 -0.41015 0.271624
 0.449581 -0.403243  0.272394
0.461664 -0.39629 0.272921
 0.473743 -0.389265  0.273249
0.485833 -0.38214 0.273416
 0.497942 -0.374886  0.273459
 0.510079 -0.367473  0.273414
 0.522248 -0.359868  0.273312
 0.534454 -0.352039  0.273184
 0.546695 -0.343955  0.273055
  0.55897 -0.335583  0.272951
0.571272 -0.32689 0.272893
 0.583594 -0.317844  0.272901
 0.595925 -0.308414  0.272992
 0.608253 -0.298571  0.273179
 0.620562 -0.288283  0.273473
 0.632834 -0.277523  0.273883
 0.645049 -0.266264  0.274413
0.657185 -0.25448 0.275066
 0.669216 -0.242146  0.275838
0.681115 -0.22924 0.276725
 0.692853 -0.215742  0.277716
 0.704399 -0.201632  0.278799
 0.715716 -0.186894  0.279955
 0.726769 -0.171513  0.281164
0.737518 -0.15548 0.282401
 0.747919 -0.138788  0.283641
 0.757928 -0.121435  0.284856
 0.767498 -0.103425  0.286019
  0.776579 -0.0847681   0.287104
  0.785123 -0.0654793   0.288086
  0.793079 -0.0455817   0.288944
  0.800398 -0.0251044   0.289659
   0.807031 -0.00408282    0.290216
 0.812933 0.0174412  0.290604
0.818058  0.03942 0.290813
 0.822367 0.0618005  0.290839
 0.825823 0.0845242  0.290678
0.828394 0.107528  0.29033
0.830057 0.130745 0.289796
0.830788 0.154103 0.289083
0.830575  0.17753 0.288195
0.829412 0.200949 0.287142
0.827298 0.224282 0.285935
0.824242 0.247453 0.284587
0.820259 0.270383 0.283113
0.815372 0.292996 0.281531
0.809612 0.315219  0.27986
0.803014 0.336979  0.27812
0.795623  0.35821 0.276335
0.787488  0.37885 0.274528
0.778664 0.398839 0.272725
0.769211 0.418125 0.270951
0.759191 0.436661 0.269234
0.748672 0.454406 0.267602
0.737722 0.471324 0.266082
0.726413 0.487388 0.264703
0.714816 0.502574 0.263492
0.703002 0.516865 0.262477
0.691044 0.530248 0.261685
 0.67901 0.542717 0.261142
0.666969 0.554268 0.260872
0.654987 0.564905   0.2609
0.643128 0.574631 0.261249
0.631451 0.583454 0.261938
0.620013 0.591384 0.262989
0.608869 0.598433 0.264417
0.598066 0.604613 0.266241
 0.58765 0.609937 0.268473
0.577662 0.614419 0.271127
 0.56814  0.61807 0.274212
0.559118 0.620903 0.277735
0.550626 0.622926 0.281702
0.542689  0.62415 0.286117
0.535329 0.624579 0.290979
0.528566 0.624219 0.296286
0.522414 0.623071 0.302032
0.516885 0.621136 0.308206
0.511988 0.618409 0.314801
 0.50773 0.614886 0.321799
0.504114  0.61056  0.32918
 0.50114 0.605423  0.33692
0.498806 0.599464 0.344991
0.497107 0.592672 0.353362
0.496037 0.585036 0.361994
0.495588 0.576543 0.370845
0.495748 0.567182 0.379869
0.496505 0.556943 0.389013
0.497844 0.545816  0.39822
0.499749 0.533796 0.407428
0.502202  0.52088  0.41657
0.505185 0.507069 0.425575
0.508675 0.492369 0.434367
0.512652  0.47679 0.442867
0.517092  0.46035 0.450992
 0.52197 0.443074 0.458658
0.527259 0.424992  0.46578
0.532934 0.406145 0.472269
0.538965 0.386579 0.478041
0.545323 0.366352 0.483011
0.551978 0.345527 0.487098
0.558898 0.324179 0.490225
 0.56605 0.302389  0.49232
  0.5734 0.280251 0.493321
0.580916 0.257856 0.493171
0.588562 0.235306 0.491823
0.596304 0.212711 0.489241
0.604105 0.190186   0.4854
0.611932 0.167844 0.480289
0.619748 0.145802 0.473908
 0.62752 0.124176 0.466271
0.635213  0.10308 0.457403
 0.642795 0.0826239  0.447345
 0.650235 0.0629124  0.436149
 0.657503 0.0440437  0.423879
  0.66457 0.0261073   0.41061
  0.671411 0.00918318   0.396427
   0.678001 -0.00665938    0.381423
  0.68432 -0.021363  0.365699
  0.690347 -0.0348828   0.349362
  0.696066 -0.0471867   0.332522
  0.701464 -0.0582558   0.315291
  0.706528 -0.0680846   0.297784
  0.711252 -0.0766801   0.280113
  0.715629 -0.0840622   0.262387
 0.719656 -0.090262  0.244714
  0.723335 -0.0953218   0.227194
  0.726667 -0.0992937   0.209923
 0.729658 -0.102238  0.192988
 0.732316 -0.104223  0.176469
 0.734651 -0.105323  0.160439
 0.736675 -0.105616   0.14496
 0.738403 -0.105185  0.130087
  0.73985 -0.104114  0.115866
 0.741033 -0.102488  0.102333
  0.74197 -0.100393  0.089519
   0.74268 -0.0979125  0.0774449
  0.743182 -0.0951297  0.0661261
  0.743495 -0.0921242  0.0555715
  0.743637 -0.0889727  0.0457849
  0.743627 -0.0857491  0.0367652
  0.743482 -0.0825221  0.0285074
  0.743218 -0.0793572  0.0210038
   0.74285 -0.0763155  0.0142439
   0.74239 -0.0734537 0.00821597
  0.741852 -0.0708242 0.00290709
   0.741244  -0.0684747 -0.00169602
   0.740573  -0.0664484 -0.00560653
   0.739845  -0.0647841 -0.00883673
  0.739064 -0.0635157 -0.0113981
   0.73823 -0.0626724 -0.0133002
  0.737341 -0.0622793 -0.0145519
  0.736394 -0.0623563 -0.0151587
  0.735383  -0.062918 -0.0151236
  0.734297 -0.0639756 -0.0144497
  0.733127 -0.0655332 -0.0131328
   0.73186 -0.0675902 -0.0111704
   0.730477  -0.0701413 -0.00855599
   0.728963   -0.073175 -0.00528079
   0.727294  -0.0766741 -0.00133371
  0.725451 -0.0806154 0.00329815
  0.723406 -0.0849694 0.00862958
  0.721135 -0.0896998  0.0146768
  0.718609 -0.0947637  0.0214573
 0.715799 -0.100111 0.0289886
 0.712674 -0.105686 0.0372887
 0.709202 -0.111422 0.0463746
 0.705352 -0.117249 0.0562621
 0.701089 -0.123086 0.0669641
 0.696384 -0.128846 0.0784904
 0.691202 -0.134437 0.0908446
 0.685513 -0.139759  0.104025
  0.67929 -0.144705  0.118022
 0.672506 -0.149169  0.132814
  0.66514 -0.153039  0.148371
 0.657173 -0.156206   0.16465
 0.648592 -0.158564  0.181597
0.639389 -0.16001 0.199142
0.629562 -0.16045 0.217206
0.619114  -0.1598 0.235697
 0.608052 -0.157986  0.254512
 0.596389 -0.154951  0.273542
 0.584145 -0.150648  0.292667
 0.571341 -0.145048  0.311768
 0.558002 -0.138138  0.330717
  0.54416 -0.129922  0.349392
 0.529847 -0.120419  0.367669
 0.515098 -0.109663  0.385431
  0.499951 -0.0977016   0.402564
  0.484445 -0.0846004   0.418964
  0.468621 -0.0704281   0.434535
  0.452519 -0.0552746   0.449196
   0.43618 -0.0392312   0.462874
  0.419649 -0.0223947   0.475508
   0.402965 -0.00487066    0.487051
 0.386167 0.0132352   0.49747
 0.369296 0.0318107  0.506742
 0.352388 0.0507516  0.514857
  0.33548 0.0699493   0.52182
 0.318609 0.0893018  0.527642
0.301805  0.10871 0.532347
0.285103 0.128084 0.535968
 0.26853 0.147332 0.538545
0.252116 0.166375 0.540126
0.235888  0.18514 0.540762
0.219871  0.20356 0.540513
0.204091 0.221574  0.53944
0.188572  0.23913  0.53761
0.173344 0.256185 0.535091
0.158417 0.272698  0.53195
0.143822 0.288638  0.52826
0.129583 0.303981 0.524092
0.115723 0.318708 0.519523
 0.10227 0.332808 0.514618
0.0892501  0.346274  0.509453
0.0766899  0.359106    0.5041
0.0646187  0.371308   0.49863
0.0530557  0.382882  0.493113
0.0420555  0.393855  0.487622
0.031612 0.404232 0.482218
0.0218124  0.414031  0.476982
0.0126724  0.423293  0.471974
0.00423582   0.432035   0.467264
-0.00347198    0.440274    0.462915
-0.0104011   0.448044   0.458986
-0.016518  0.455363  0.455539
-0.0217457   0.462262   0.452644
-0.0260421   0.468766   0.450357
-0.0294064   0.474856   0.448725
-0.0317912   0.480542   0.447799
-0.0331134   0.485832   0.447644
-0.0333363   0.490717     0.4483
-0.0324342   0.495167   0.449802
-0.0303658   0.499147   0.452188
-0.0270669   0.502618   0.455496
-0.0225123   0.505524   0.459742
-0.0166613   0.507799   0.464939
-0.00949072    0.509361    0.471087
-0.000979855     0.510116     0.478178
0.00888303   0.509965   0.486186
0.0201028  0.508797  0.495072
0.0326756    0.5065  0.504781
0.0465898  0.502954  0.515241
0.0618239  0.498042  0.526363
0.0783489   0.49165   0.53804
0.096127 0.483669 0.550144
0.115113 0.473997 0.562531
0.135252 0.462549 0.575038
0.156484 0.449252 0.587487
 0.17874 0.434053 0.599679
0.201947  0.41692 0.611407
0.226022 0.397847 0.622448
0.250879 0.376858 0.632571
0.276424 0.354002  0.64154
 0.30256 0.329361 0.649118
0.329186 0.303044 0.655072
0.356195 0.275202 0.659175
0.383478 0.246008 0.661212
0.410921 0.215671 0.660988
0.438411 0.184425 0.658329
0.465833  0.15253 0.653088
 0.49307 0.120263 0.645149
 0.520007 0.0879236   0.63443
0.546531 0.055818 0.620887
0.572531 0.024259 0.604514
   0.597901 -0.00644056    0.585346
 0.622537 -0.035974  0.563455
  0.646343 -0.0640462   0.538953
  0.669229 -0.0903796   0.511989
 0.691109 -0.114718  0.482745
 0.711909 -0.136834  0.451431
  0.73156 -0.156529  0.418284
 0.750003 -0.173637   0.38356
0.767185 -0.18803 0.347533
 0.783065 -0.199615  0.310484
 0.797608 -0.208339  0.272701
 0.810787 -0.214182   0.23447
 0.822586 -0.217163  0.196071
 0.832994 -0.217334  0.157777
 0.842008 -0.214779  0.119845
 0.849633 -0.209611 0.0825156
 0.855881 -0.201967 0.0460081
 0.860769 -0.192008 0.0105204
   0.86432  -0.179914 -0.0237744
  0.866564  -0.165877 -0.0567285
  0.867535  -0.150103 -0.0882204
 0.867272 -0.132804 -0.118154
 0.865818 -0.114196 -0.146461
  0.863222 -0.0944966  -0.173095
  0.859535 -0.0739184  -0.198038
  0.854812 -0.0526725  -0.221291
  0.849111 -0.0309597  -0.242878
   0.842494 -0.00897033   -0.262844
 0.835023 0.0131178 -0.281251
 0.826767 0.0351425 -0.298174
 0.817791 0.0569585   -0.3137
 0.808166 0.0784392 -0.327924
  0.79796 0.0994779 -0.340941
 0.787242  0.119987 -0.352845
  0.77608  0.139896 -0.363721
 0.764542  0.159147 -0.373649
 0.752693  0.177704 -0.382696
   0.7406  0.195534 -0.390924
 0.728327  0.212615 -0.398387
 0.715938  0.228936 -0.405137
 0.703495  0.244489 -0.411222
0.691059 0.259275 -0.41669
 0.678688  0.273301 -0.421588
 0.666436  0.286578 -0.425964
 0.654357  0.299123 -0.429863
 0.642497  0.310958 -0.433332
 0.630901  0.322109 -0.436415
  0.61961  0.332604 -0.439153
 0.608663   0.34248 -0.441586
 0.598094  0.351763 -0.443753
 0.587935  0.360496 -0.445687
 0.578218  0.368711 -0.447418
 0.568971  0.376461 -0.448967
 0.560221  0.383777 -0.450361
 0.551996  0.390697 -0.451621
  0.54432  0.397255 -0.452763
 0.537221  0.403487 -0.453804
 0.530723  0.409425 -0.454755
 0.524852  0.415097 -0.455625
 0.519634   0.42053 -0.456424
 0.515093  0.425743 -0.457158
 0.511256  0.430755 -0.457831
 0.508145  0.435579 -0.458449
 0.505784  0.440219 -0.459013
 0.504195  0.444679 -0.459527
 0.503396  0.448955 -0.459993
 0.503403  0.453038 -0.460412
 0.504229  0.456912 -0.460786
 0.505877  0.460561 -0.461117
 0.508359   0.46396 -0.461402
  0.51167  0.467081 -0.461646
 0.515798  0.469893 -0.461849
 0.520729  0.472362 -0.462013
0.526439 0.474453 -0.46214
   0.5329  0.476128 -0.462234
  0.54007  0.477351 -0.462297
 0.547906  0.478087 -0.462335
 0.556353    0.4783 -0.462355
 0.565351  0.477962 -0.462363
 0.574832  0.477046 -0.462369
 0.584723  0.475529 -0.462385
 0.594946  0.473396 -0.462425
 0.605415  0.470638 -0.462503
 0.616045  0.467253 -0.462637
0.626746 0.463244 -0.46285
0.637427  0.45863 -0.46316
 0.647999  0.453429 -0.463591
 0.658372   0.44767 -0.464169
  0.66846  0.441391 -0.464918
 0.678179  0.434635 -0.465867
 0.687452  0.427451 -0.467039
 0.696206  0.419895 -0.468461
 0.704376  0.412027 -0.470156
 0.711901  0.403908 -0.472147
 0.718731  0.395603 -0.474453
 0.724821  0.387177 -0.477091
 0.730135  0.378694 -0.480075
 0.734644  0.370216 -0.483415
 0.738324  0.361802 -0.487119
 0.741161  0.353504 -0.491189
 0.743143  0.345372 -0.495627
 0.744264  0.337445 -0.500431
 0.744521  0.329759 -0.505595
 0.743912  0.322339 -0.511117
 0.742432  0.315203 -0.516989
0.740078 0.308359 -0.52321
  0.73684  0.301814 -0.529773
0.732699 0.295562 -0.53668
 0.727626  0.289594 -0.543935
 0.721578  0.283901 -0.551543
 0.714504  0.278476 -0.559505
0.706328 0.273314 -0.56783
 0.696964  0.268417 -0.576514
 0.686309    0.2638 -0.585547
  0.67425  0.259487 -0.594901
 0.660671  0.255518 -0.604527
 0.645458  0.251945 -0.614343
 0.628514  0.248831 -0.624237
 0.609766  0.246242 -0.634057
 0.589182  0.244237 -0.643616
 0.566776  0.242868 -0.652696
0.542627 0.242156 -0.66106
 0.516871  0.242091 -0.668467
 0.489702  0.242621 -0.674691
 0.461354  0.243657 -0.679539
 0.432099  0.245074 -0.682861
 0.402215  0.246724 -0.684561
  0.37198  0.248448 -0.684594
0.338591 0.253493 -0.68249
 0.299977  0.265754 -0.677005
 0.266084  0.275381 -0.669935
 0.236717  0.282737 -0.662052
 0.211557  0.288255 -0.653922
 0.190247   0.29235 -0.645944
 0.172415  0.295407 -0.638386
  0.15769  0.297763 -0.631407
 0.145712  0.299705 -0.625087
 0.136138   0.30147 -0.619447
 0.128645  0.303242 -0.614464
 0.122934  0.305149 -0.610086
 0.118728  0.307302 -0.606239
 0.115776  0.309736 -0.602846
 0.113859  0.312489 -0.599823
 0.112719  0.315523 -0.597079
 0.112188  0.318802 -0.594545
 0.112103  0.322251 -0.592164
 0.112276   0.32581 -0.589865
 0.112607  0.329373 -0.587622
 0.112955  0.332829 -0.585404
 0.113209  0.336074 -0.583196
 0.113293  0.338978 -0.581001
 0.113128  0.341425 -0.578832
 0.112661  0.343304 -0.576709
 0.111857  0.344512 -0.574657
 0.110691  0.344957 -0.572709
 0.10915 0.344558 -0.57089
  0.10722   0.34325 -0.569218
 0.104879  0.340959 -0.567716
 0.102104  0.337617 -0.566391
  0.09886  0.333164 -0.565236
0.0951067  0.327514 -0.564248
0.0908212  0.320611 -0.563399
0.0859856  0.312373 -0.562662
0.0805969  0.302728 -0.561997
 0.074669  0.291604 -0.561349
0.0682354  0.278943 -0.560645
0.0613483  0.264696 -0.559794
0.0540803   0.24883 -0.558688
0.0465239  0.231335 -0.557199
0.0387877  0.212221 -0.555187
0.0309968  0.191528 -0.552499
0.0232915  0.169327 -0.548972
0.0158222  0.145727 -0.544444
0.00874614   0.120873  -0.538759
0.00222276  0.0949478  -0.531773
-0.00359176    0.068172   -0.523365
-0.00855041   0.0407993   -0.513443
-0.0125215  0.0131101  -0.501951
-0.0153938 -0.0145962  -0.488874
-0.0170821 -0.0420113  -0.474246
-0.0175303 -0.0688305  -0.458142
 -0.016712 -0.0947615  -0.440687
-0.0146337   -0.11954   -0.42204
-0.0113304  -0.142936  -0.402398
-0.00686373   -0.164765   -0.381979
-0.00131653   -0.184885   -0.361022
0.00521078  -0.203212  -0.339767
0.0126073 -0.219706 -0.318454
0.0207562 -0.234377 -0.297313
0.0295406  -0.24728 -0.276555
0.0388475   -0.2585 -0.256369
0.0485711 -0.268155 -0.236919
0.0586185 -0.276392 -0.218338
0.0689074 -0.283362 -0.200733
0.0793702 -0.289229 -0.184184
0.0899538 -0.294158 -0.168747
  0.10062  -0.29831 -0.154452
 0.111343 -0.301841  -0.14131
 0.122112 -0.304894 -0.129316
 0.132928 -0.307599 -0.118449
 0.143801 -0.310072 -0.108679
  0.154753  -0.312412 -0.0999648
  0.165812    -0.3147 -0.0922616
  0.177014  -0.317002 -0.0855185
    0.1884  -0.319367 -0.0796821
  0.200012  -0.321827 -0.0746971
  0.211899  -0.324398 -0.0705075
  0.224108  -0.327083 -0.0670567
  0.236685   -0.32987 -0.0642883
  0.249677  -0.332735 -0.0621456
  0.263126  -0.335642 -0.0605725
  0.277068  -0.338544 -0.0595121
 0.291538 -0.341385 -0.058908
  0.306559  -0.344102 -0.0587031
   0.32215  -0.346626 -0.0588401
  0.338318  -0.348882 -0.0592608
  0.355063  -0.350792 -0.0599066
  0.372373  -0.352279 -0.0607178
  0.390225  -0.353264 -0.0616356
  0.408585  -0.353672 -0.0625991
  0.427408  -0.353431 -0.0635487
   0.44664  -0.352476 -0.0644261
  0.466214  -0.350749 -0.0651728
  0.486056  -0.348202 -0.0657324
  0.506083  -0.344797 -0.0660497
  0.526207  -0.340508 -0.0660724
  0.546333   -0.33532 -0.0657503
 0.566365 -0.329234 -0.065037
  0.586206  -0.322261 -0.0638885
   0.60576  -0.314425 -0.0622652
  0.624935  -0.305762 -0.0601294
  0.643641  -0.296318 -0.0574478
    0.6618  -0.286149 -0.0541888
 0.679337 -0.275318 -0.050324
  0.696189  -0.263891 -0.0458267
  0.712299  -0.251938 -0.0406715
  0.727623  -0.239531 -0.0348339
  0.742123  -0.226739 -0.0282898
  0.755769  -0.213628 -0.0210156
  0.768539  -0.200261 -0.0129883
   0.780416   -0.186693 -0.00418611
  0.791383  -0.172973 0.00541104
 0.801429 -0.159144 0.0158198
 0.810538 -0.145244 0.0270524
 0.818695 -0.131303 0.0391144
 0.825883 -0.117348 0.0520038
  0.83208 -0.103406 0.0657095
   0.83726 -0.0894995  0.0802081
  0.841396 -0.0756553  0.0954656
   0.84446 -0.0619026   0.111435
  0.846421 -0.0482748   0.128058
  0.847254 -0.0348126   0.145263
  0.846935 -0.0215635   0.162966
   0.845449 -0.00858241    0.181072
  0.842787 0.00406793    0.19948
 0.838956 0.0163181  0.218078
 0.833971 0.0280928  0.236751
 0.827865 0.0393132  0.255381
 0.820686 0.0498978  0.273848
 0.812496 0.0597642  0.292035
 0.803373 0.0688335  0.309828
 0.793411 0.0770293   0.32712
 0.782716 0.0842831  0.343812
 0.771404 0.0905333  0.359812
 0.759602 0.0957279  0.375039
 0.747442 0.0998255  0.389424
0.735061 0.102796 0.402906
0.722595 0.104616 0.415438
0.710181 0.105283  0.42698
 0.69795 0.104795 0.437504
0.686028 0.103162 0.446986
0.674533 0.100402 0.455413
 0.663572 0.0965404  0.462776
0.653241 0.091608 0.469066
 0.643626 0.0856396  0.474282
 0.634796 0.0786747  0.478419
 0.626812 0.0707559  0.481473
0.619717 0.061929 0.483438
0.613544 0.052243 0.484305
 0.608314 0.0417508  0.484064
 0.604034 0.0305091  0.482698
 0.600703 0.0185786   0.48019
  0.598307 0.00602538   0.476517
   0.596824 -0.00707912    0.471656
  0.596224 -0.0206575   0.465582
  0.596468 -0.0346258   0.458269
   0.59751 -0.0488933   0.449694
  0.599301 -0.0633623   0.439833
  0.601783 -0.0779294   0.428669
  0.604895 -0.0924838   0.416191
0.608571 -0.10691 0.402392
 0.612745 -0.121086  0.387277
 0.617345 -0.134889  0.370858
   0.6223 -0.148193  0.353162
 0.627535 -0.160871  0.334226
0.632979  -0.1728   0.3141
 0.638557 -0.183857   0.29285
 0.644198 -0.193929  0.270554
 0.649833 -0.202911  0.247303
 0.655395 -0.210707  0.223203
  0.66082 -0.217235   0.19837
0.666047 -0.22243 0.172932
 0.671023 -0.226243  0.147024
 0.675697 -0.228644  0.120789
 0.680026 -0.229623 0.0943714
 0.683971 -0.229193 0.0679193
 0.687503 -0.227387 0.0415775
 0.690597  -0.22426 0.0154857
  0.693238  -0.219888 -0.0102241
  0.695419  -0.214362 -0.0354301
  0.697143  -0.207789 -0.0600227
 0.698421 -0.200287 -0.083905
 0.699276 -0.191975 -0.106991
 0.699738 -0.182973 -0.129206
  0.69985 -0.173398 -0.150483
 0.699662 -0.163361  -0.17076
 0.699234 -0.152968 -0.189984
 0.698633 -0.142319 -0.208104
  0.69793 -0.131515 -0.225078
   0.6972 -0.120653 -0.240872
 0.696521 -0.109832 -0.255459
  0.695972 -0.0991509  -0.268818
  0.695623 -0.0887086  -0.280945
  0.695547 -0.0786029  -0.291836
  0.69581 -0.068929 -0.301497
  0.696474 -0.0597782  -0.309937
  0.697591 -0.0512359  -0.317171
  0.699208 -0.0433805  -0.323213
  0.701363 -0.0362823   -0.32808
  0.704086 -0.0300025  -0.331783
  0.707398 -0.0245929  -0.334333
  0.711309 -0.0200951  -0.335736
  0.715822 -0.0165403  -0.335989
  0.720928 -0.0139487  -0.335089
 0.726609  -0.01233 -0.333022
  0.732836 -0.0116835  -0.329772
   0.73957 -0.0119945  -0.325314
  0.746762 -0.0132383  -0.319623
  0.754354 -0.0153795  -0.312667
  0.762277 -0.0183697  -0.304412
  0.770455 -0.0221494  -0.294825
  0.778802 -0.0266468  -0.283873
  0.787227 -0.0317787  -0.271525
  0.795632 -0.0374505  -0.257755
  0.803915 -0.0435577  -0.242546
  0.811971 -0.0499857  -0.225885
 0.819692 -0.056611 -0.207773
  0.826971 -0.0633032  -0.188218
  0.833703 -0.0699248  -0.167249
 0.839781 -0.076337 -0.144903
  0.845109 -0.0823968  -0.121241
  0.849591 -0.0879617 -0.0963412
  0.853143 -0.0928968 -0.0702879
  0.855685 -0.0970708 -0.0431911
  0.857155  -0.100356 -0.0151979
 0.857499 -0.102643 0.0135618
 0.856677  -0.10383 0.0429343
 0.854661 -0.103824 0.0727422
 0.851443 -0.102542  0.102822
  0.847023 -0.0999058   0.133002
 0.841418 -0.095843  0.163106
  0.834654 -0.0902838    0.19296
  0.826771 -0.0831668   0.222387
  0.817823 -0.0744436   0.251208
  0.807878 -0.0640879    0.27924
  0.797034 -0.0521165   0.306269
  0.785341 -0.0385769   0.332188
  0.772915 -0.0235762   0.356805
  0.759858 -0.0072119   0.379978
  0.74635 0.0103166  0.401531
 0.732484 0.0288467  0.421397
   0.7184 0.0481595  0.439514
  0.70423 0.0680546  0.455851
 0.690099 0.0883301  0.470413
0.676135  0.10879 0.483233
0.662462 0.129255 0.494365
0.649197 0.149558 0.503886
0.636451 0.169554 0.511888
 0.62433 0.189112 0.518475
0.612929 0.208128 0.523759
0.602334 0.226514 0.527856
 0.59263 0.244201 0.530878
 0.58391 0.261132 0.532927
0.576197 0.277271 0.534132
0.569581 0.292579 0.534577
0.564048  0.30706 0.534364
0.559689 0.320691 0.533565
0.556525 0.333468 0.532254
0.554502 0.345419 0.530498
0.553692 0.356522  0.52834
0.554112 0.366778 0.525822
0.555735 0.376195 0.522976
0.558563  0.38477 0.519827
0.562574 0.392503 0.516391
0.567747 0.399391 0.512681
 0.57407 0.405421 0.508693
 0.58152 0.410579 0.504422
0.590078 0.414849 0.499853
0.599734 0.418209 0.494963
0.610471 0.420634 0.489713
0.622276 0.422099  0.48405
0.635133  0.42258 0.477906
0.649017 0.422057 0.471198
0.663892  0.42052 0.463829
0.679703 0.417965 0.455693
0.696376 0.414402 0.446674
0.713819 0.409853 0.436653
0.731916 0.404356  0.42551
0.750534  0.39796  0.41313
0.769521 0.390732 0.399403
0.788711  0.38275 0.384228
0.807923 0.374109  0.36752
0.826967 0.364913 0.349211
0.845646 0.355278 0.329251
 0.86376 0.345327 0.307615
0.881107 0.335189 0.284303
 0.89749 0.324993 0.259341
0.912717 0.314869 0.232784
0.926606 0.304941 0.204719
 0.93899 0.295321 0.175259
0.949716 0.286115 0.144546
0.958651 0.277409  0.11275
 0.965683  0.269277 0.0800648
 0.970724  0.261779 0.0467041
 0.973712  0.254963 0.0129014
  0.974615    0.24887 -0.0210964
  0.973433   0.243538 -0.0550346
  0.970208   0.239005 -0.0886582
 0.965017  0.235302 -0.121719
0.957981 0.232461 -0.15399
 0.949254    0.2305 -0.185267
 0.939015  0.229415 -0.215384
0.927466 0.229187  -0.2442
 0.914818  0.229768 -0.271607
0.901283 0.231084 -0.29754
 0.887068   0.23304 -0.321953
 0.872375  0.235525 -0.344829
 0.857398  0.238418 -0.366168
 0.842321  0.241592 -0.385993
 0.827318  0.244922 -0.404338
 0.812548  0.248287 -0.421255
 0.798162  0.251575 -0.436803
0.784293 0.254684 -0.45105
 0.771064  0.257524 -0.464068
 0.758584  0.260015 -0.475933
0.746944 0.262094 -0.48672
 0.736228  0.263705 -0.496501
 0.726501  0.264803 -0.505346
 0.717818  0.265356 -0.513318
 0.710222  0.265338 -0.520473
 0.703749  0.264734 -0.526858
 0.698394  0.263531 -0.532532
 0.694191  0.261729 -0.537511
 0.691128  0.259327 -0.541829
 0.689193  0.256334 -0.545504
 0.688363  0.252761 -0.548552
 0.688607  0.248626 -0.550979
 0.689889  0.243948 -0.552784
 0.692161  0.238753 -0.553968
 0.695376  0.233073 -0.554518
0.699472 0.226938 -0.55443
 0.704381  0.220385 -0.553696
 0.710034  0.213456 -0.552307
 0.716354  0.206192 -0.550261
 0.723273  0.198639 -0.547546
 0.730716  0.190843 -0.544159
 0.738608  0.182852 -0.540101
0.746868 0.174716 -0.53538
 0.755418  0.166475 -0.530011
 0.764187  0.158172 -0.524009
 0.773104   0.14984 -0.517398
0.782098 0.141509 -0.51021
 0.791098  0.133201 -0.502485
 0.800036   0.12493 -0.494269
  0.80885  0.116701 -0.485615
 0.817473  0.108507 -0.476587
 0.825841  0.100339 -0.467258
 0.83389  0.09218 -0.45771
 0.841559 0.0840055 -0.448031
 0.848786 0.0757882 -0.438323
 0.855512 0.0674985  -0.42869
  0.86168 0.0591072  -0.41925
 0.867233 0.0505871 -0.410122
  0.87212  0.041916 -0.401436
 0.876288 0.0330783 -0.393322
 0.879691 0.0240676 -0.385915
 0.882281 0.0148888 -0.379351
 0.884017 0.0055582 -0.373763
   0.884855 -0.00389236   -0.369279
  0.884757 -0.0134158  -0.366025
  0.883683 -0.0229494  -0.364113
  0.881595 -0.0324143  -0.363646
  0.878454 -0.0417152  -0.364711
  0.874223 -0.0507415  -0.367379
 0.868862 -0.059368 -0.371695
  0.862332 -0.0674584  -0.377689
 0.854593 -0.074865 -0.385357
  0.845605 -0.0814333  -0.394673
  0.835328 -0.0870046  -0.405576
  0.823726 -0.0914202  -0.417978
  0.810765 -0.0945253  -0.431755
 0.796417 -0.096174 -0.446753
  0.780661 -0.0962341  -0.462782
  0.763487 -0.0945927  -0.479627
  0.744902 -0.0911619   -0.49704
  0.724927 -0.0858844  -0.514752
  0.703603 -0.0787395  -0.532478
  0.680993 -0.0697463   -0.54992
  0.657186 -0.0589677  -0.566782
  0.632289 -0.0465126  -0.582773
  0.606434 -0.0325339  -0.597627
   0.57977 -0.0172258  -0.611103
    0.552461 -0.000816681       -0.623
 0.524686 0.0164425 -0.633164
 0.496623  0.034275 -0.641489
 0.468458 0.0524047  -0.64792
  0.44037 0.0705565 -0.652455
 0.412537 0.0884689 -0.655139
 0.385126  0.105901 -0.656057
 0.358293  0.122639 -0.655335
 0.332182  0.138503 -0.653125
 0.306924  0.153346 -0.649603
 0.282635  0.167058 -0.644959
 0.259418  0.179565 -0.639392
 0.237357  0.190829 -0.633102
 0.216526  0.200844 -0.626286
 0.196979  0.209634 -0.619135
 0.178759  0.217249 -0.611824
 0.161893  0.223762 -0.604516
 0.146396  0.229264 -0.597356
  0.13227  0.233862 -0.590468
 0.119503  0.237674 -0.583959
 0.108073  0.240822 -0.577914
0.0979496  0.243436 -0.572399
0.0890909  0.245642 -0.567458
0.0814479  0.247565  -0.56312
0.0749645  0.249324 -0.559395
